1000 99606384
42468 67959
-63482 99656
-61181 34177
-81643 51547
-69740 41312
44889 53188
-11725 73154
97581 -76882
3378 91632
47829 -11159
-39080 90606
-82977 52111
68650 -68460
-34626 -38929
8417 -26601
78738 84926
-36767 78955
-86078 -80619
33026 59814
63830 98395
71945 -46718
48557 84930
-81282 -1115
-69145 -71380
-4090 34076
94751 -73731
1089 99473
53001 6419
-51479 26193
-47809 28784
29738 -21747
58954 -19294
-6223 66325
-49895 -62899
14871 -13085
74832 -50213
-25737 -88449
-9826 -37486
-10255 52800
-92506 97849
42289 62265
7764 15274
-18087 -20767
-55841 -39403
-41232 -32774
81438 59683
28222 -96562
-47534 8643
38420 -16148
26535 81022
-46498 -23594
52048 -36285
44266 -20573
-96121 -7483
-86378 56943
69007 5910
79861 -57391
-10857 -64872
-90269 64891
-89558 86895
11352 40136
-90083 81458
58752 -79234
-63432 -71839
812 -84260
59697 -713
40818 -49078
30813 -9287
29671 -17851
97950 69245
66543 -31750
-61783 -69324
-73679 93484
-43573 74113
-53562 23943
-50160 -38570
49516 21675
89178 -52512
-45907 -87439
-57195 96126
12763 -4899
-31832 51942
37834 -68876
-90737 -65303
63427 46579
-54717 -53162
-38545 35850
49673 -52341
-34202 -52563
89129 10344
87944 -51564
26520 13764
86400 -27105
-54299 63541
90543 1762
-33457 -82954
-11149 85023
-28549 -10265
12871 -52433
-78305 3804
93456 74390
-39597 56857
66388 16647
-28098 -60826
40724 37279
-57261 -71726
-77201 65658
77097 3369
22189 41472
-68626 3901
-10370 73896
-67217 69384
-71553 22125
78312 -84767
-3280 -99113
1830 -2870
91944 -2783
81914 45841
68358 -29962
-80854 27496
-77535 25243
-64148 20869
53254 92287
-59760 -65042
-15815 94788
-49081 -4981
-23740 -87601
7888 -38630
-5983 47856
33450 -51037
29512 7312
52948 -99320
-43810 34583
11479 876
5835 23505
47183 66953
55673 81321
15127 -65693
-26078 72378
54424 23937
-74480 -67919
31193 -15556
-62437 94089
-53736 85295
24300 91038
55012 -59788
-54446 72572
-13158 714
49468 20571
43875 4288
-44896 44335
-74735 44807
59198 -71595
-99522 82831
-62703 6623
-42008 -72585
-48372 -85326
69296 53913
56702 -70616
-35281 -80520
69797 95050
89696 68627
22617 -492
-77075 -93477
23813 92359
96204 -16509
4333 76248
-43456 46754
19983 -13226
-22080 -68270
-70746 -40528
97695 63780
-98256 51285
-71740 15237
84090 81089
77347 98556
26294 -93732
-49216 33823
19149 82429
-65911 77288
15537 18555
-75794 -28882
2858 50954
36014 28236
42101 -29434
-32923 95623
34099 11974
93191 73051
44205 95685
-23185 85097
15363 -14804
-19579 -90184
77387 94704
-24421 89417
-73890 -7676
98549 26508
-68637 26942
-94803 44338
17495 28880
35047 -80640
76465 52866
78621 -53831
-54453 44516
84444 13801
-51372 -11707
-51860 -3382
91788 35674
-59424 83136
75421 -19318
-99818 33394
-35136 -74473
81765 -19970
-67131 -43256
99074 -29749
-5621 -49687
-83718 -73642
-88165 -8873
-13759 40745
66663 74849
-72004 11601
-71408 -40734
-22640 -21441
68729 -15040
-67999 20039
-47993 81089
-78406 -68950
-86955 -40630
56529 -83992
21697 79414
-53748 48876
44673 92620
70424 25708
-14940 -26398
-75565 -89371
28814 -43328
-68674 -4371
-70951 27099
90343 -25511
-93399 -66575
-37484 77599
89066 21221
-20649 -80913
67716 -95172
-47952 46609
38592 -62869
97935 30748
37722 -53344
59254 -94770
20355 -95892
57361 18010
13708 -25690
56453 -93137
-69398 -97638
25427 -87073
-98613 70691
-37060 -27226
66100 -25982
68229 97914
-78586 -52704
-97796 -47252
18572 96211
59030 44033
-70731 85468
-13363 55298
-61060 94953
-22701 -41417
72529 33206
-19804 -9916
47733 -23888
5578 -530
-20221 -29993
-48404 58608
31605 -65348
-66765 -21419
18892 1014
29356 40211
-41049 -86650
31732 7894
-32839 77290
-71006 -76728
25707 -23091
30473 -81781
-3000 22950
-13225 -71081
-84154 -37518
-41691 76461
-86549 49682
90846 3792
-66567 22480
85355 -17811
45449 -58189
-48108 -29510
21806 87918
-67816 -91560
-49064 29162
36599 7416
44340 -3748
-68667 91662
-32391 -98517
-65941 -48254
43403 -40022
-65259 37553
31649 31430
-46472 81358
28559 -6133
83164 -52438
-40172 15611
15709 11287
-81015 51013
95471 -27941
65865 -74754
-77998 18348
86862 13079
-53530 -70157
83111 40866
98108 -47130
51913 -66070
-74779 -20359
-30217 52819
-14648 -36139
76890 72629
-10342 55090
-84095 -37791
75429 -225
-77530 -56017
77998 -22709
98732 95457
16726 71399
-28976 58327
-88537 -2370
-96535 -46301
87224 25766
-90622 67578
74929 90876
-11635 -71299
54179 17685
-90330 -1264
23117 54642
24556 -37351
-82544 -90347
-76640 -18304
-22226 83299
441 65267
35741 40544
68595 71781
38727 -1144
70134 -49823
-48186 -75021
-61761 -77139
-62952 -36630
40709 97250
28176 41869
7332 -70507
45351 17182
-8396 68599
89813 -66340
-96378 -25013
15107 150
-41013 -48603
-11249 -82066
-1837 79067
75917 55465
-63628 -21396
-76271 -60389
-92439 -87119
44616 -46173
34737 -1800
-48511 32333
-1923 -61386
-45659 191
-52283 -3396
-26462 88528
-69520 57655
-66690 -91446
66876 52352
-19767 79547
-41490 -24612
70518 60800
89820 -32484
46803 83739
42234 -31449
86004 61804
-90958 -3090
93889 60238
39702 -85120
69346 -47182
-56595 47544
-4753 99383
67589 -83290
-91232 -64167
-85562 -44843
-25833 -96313
44765 61948
-24365 -940
17596 97514
52282 -61077
10936 -39316
80739 74218
-7171 89881
57028 64516
-28596 65381
-67476 66544
-23878 82199
-6991 -44904
-46748 -31006
75395 -6427
-33773 93368
57355 -89068
914 88130
-20639 -99251
13652 47843
51225 29648
-17292 -13578
-77233 86100
97974 -76282
-72722 -94427
-26633 50671
-25807 -48527
-8605 24654
13757 691
-17109 -10633
29411 -38400
97162 31569
68667 29947
99639 -97553
-41577 10250
86763 -11683
-59756 20784
97892 -97662
-84190 24350
-66205 85434
-94431 42815
-39457 19320
33220 28
-30065 91749
-11049 -58194
-98415 24872
-56356 7959
-51059 -77690
-3722 29039
-17815 93032
76410 31608
38949 77440
-13883 87090
-50711 88340
74150 -79667
-98999 20881
-23451 -11336
-89109 -12430
22768 51810
16099 40159
-12886 88322
-53422 -1476
-27602 71551
-23775 -76737
46141 33216
-41674 85029
-99040 -47095
76737 69681
8812 -40666
-89337 46873
-75977 93455
-64166 -54440
-90544 -23937
-6659 57755
-65952 -82591
-37900 85983
-41628 -26482
91227 67057
-13607 48800
-21520 20555
42552 -44746
-89036 42702
41457 74851
-83656 2846
3091 -52212
-14202 18755
84237 -78613
-66544 93111
1632 -12464
66991 92155
-28720 96273
14499 -13650
39611 7198
38352 -81809
60970 -54163
-41022 22539
21237 11407
-61132 -40011
26192 -13964
-82187 -43499
746 14536
96048 17926
76554 75046
-72853 -93796
76934 -15814
28512 97569
-97484 -10999
47848 -26483
43889 -46308
70623 28240
-81026 21167
-37686 -60945
85799 -70853
12159 -26182
12260 -7907
-19723 38383
-63322 15010
17656 -37711
-82967 49213
19123 82219
73436 -67792
94990 -30553
-38 -37825
18694 40725
-43812 -49814
21005 1237
14514 -77213
86994 78378
-74740 -42087
-91869 -86082
-95847 -61788
18756 87062
2839 -70763
68813 -72947
25668 -15775
-10047 -74436
-76455 30545
35254 -9304
-31126 49241
-12333 72378
26288 -90462
-72601 -33466
-97999 34427
74841 66068
9948 15045
80993 -30611
85436 -82129
-90627 47200
63672 -68335
-30161 69147
87661 82972
4796 19962
85316 89865
-62174 76287
86313 16178
-50605 -14064
49707 59179
-11120 -87995
-75014 -54927
-38356 -28865
-14218 -17991
-37026 -2341
-97710 -33452
53962 67009
-88359 4817
30879 -82237
-16287 17257
-53846 -49947
-94926 -2192
7219 -54264
14042 -17127
-82912 20707
75742 30872
84826 29004
-72362 85443
-50044 -53292
-60053 13437
-17536 -47367
-77756 -72801
-29968 -63645
-92736 -14800
13831 17828
79666 -65061
36067 -10092
-29978 -77102
-85371 -87889
-59087 73350
25618 -70238
30420 46043
14076 -37372
78309 13243
-24054 91549
56601 48307
999 97246
-23633 -44631
-86022 59466
66353 -22657
86800 -12742
-96982 78457
-84158 90898
10387 12125
-4484 3521
99493 49004
37332 -47892
-47882 78427
-11636 -82272
-11530 89541
-95124 82418
-48174 -9314
15770 1765
4860 9572
-60890 -70677
94850 -82385
75581 -52866
-42052 38900
13792 77267
-33297 31829
-90562 -5
-17585 32644
68739 58765
-90650 -35981
43271 -43559
-50802 79497
70454 6582
1637 65055
-1875 1841
-28669 -60922
69686 17320
41327 42796
-64890 9983
-98190 -54976
19481 74502
60021 62661
-83367 -5136
15007 -22013
81341 -27922
66330 50722
18356 -3903
-978 90915
-38951 -87521
-34379 -29155
-28777 -49879
21409 -61059
34195 -53535
-72388 62651
81447 71619
41972 -3392
8208 68650
-61475 -37604
99417 -34903
-14301 -58628
-10676 -4598
-10413 -33720
72895 93398
36058 -65727
92648 46206
40168 -20154
-49669 87495
-32602 -25228
-68939 82497
64917 -84861
-55300 -32033
-68114 -68614
-89508 -5301
27147 1977
-28973 -7913
14125 6413
48129 17197
56955 -21143
2739 14011
94696 99514
-78386 -1242
-18457 57815
71957 32581
-74880 92383
-10664 -75151
-24051 50861
90332 20246
58882 -97166
-38082 47924
-67453 -88844
-7909 -91337
-93005 -85353
10723 28573
53388 -42053
22968 95676
95107 23642
30428 -47025
-58051 59962
-7885 79600
82173 89358
-48816 48037
77441 95689
22987 -53729
-25734 -15102
16664 45482
-22579 -67156
-6917 64226
89928 -21355
-42837 39956
70960 -36851
-41101 97348
-79255 39580
17334 53325
14918 43493
-80674 -98424
41709 11139
-97597 21905
-95587 67319
51889 5305
-27242 55285
-86025 -20721
70074 91306
27792 -94135
-13296 -80422
-14041 55597
8409 -72584
-349 -11973
-43937 -7882
4003 31467
-10645 -69638
73725 -42626
91791 -89710
70548 94510
-78570 -19723
-22947 -25928
-18427 -5655
-31740 41000
8952 -24404
59130 -54960
42423 -66114
8734 58844
-29917 99172
-95264 99285
79529 -56356
66838 38056
-15449 80149
75766 -44565
59064 61040
38235 74626
-36914 -94148
6388 -8220
-19412 -1135
82492 68418
17982 25224
-15848 75902
-29185 -67559
18165 -95988
-2326 -52325
44157 15055
-29243 -54301
-25536 -75238
17191 36848
33278 8487
43130 97504
-59403 -29237
28329 -34302
-81738 75036
65816 -17491
-94045 -48807
31820 -1678
6799 85417
90328 -20602
16713 59103
80282 -93311
34506 12496
-3208 79855
-19902 7315
91893 -5826
16034 -91162
-29084 62809
-27319 -33933
-96975 -19836
-1165 53091
-49271 13656
7752 21907
-77197 -68780
-87233 -85273
73902 -43270
-61860 -88261
-19201 91606
68626 -3700
39369 -81008
-81565 52246
41 -18468
88265 -48405
-82457 15446
-90427 51287
-51115 -49691
-72497 16843
3550 19154
72996 82335
-77097 98851
-78582 -79539
55240 58944
-84060 -33452
55987 64907
57144 47059
-52790 -90141
92065 -33102
-31705 28318
-65019 -65625
-29006 -31425
-50944 90463
11094 10766
-18306 -79986
43751 74613
-92510 80746
55230 15532
-55869 -49583
45078 6791
-39715 -54583
52933 86200
36103 98182
11909 11696
44094 -2952
-12668 70654
14533 6139
16858 -27793
5589 31029
42361 6455
-22653 -92608
86384 44420
63863 -82601
75343 49179
-14920 43935
9449 20274
-570 -8535
72968 -31235
-89985 -91791
-74772 53706
-76952 -69817
56257 55323
28116 50909
8907 83089
-11669 -64240
6955 -13832
-35022 62756
-3244 73856
-60455 -36201
45511 95940
3271 81889
48948 18448
-48209 -2462
-91186 35003
-87347 -84320
68221 60214
36644 95409
-46632 33222
-16312 95685
-35150 -41325
-66305 82431
-40000 68186
-33112 52638
-43193 40507
-4450 26388
-3091 84985
-90893 -42769
29442 -2543
-71990 6950
-7285 -90064
-15170 65846
-65728 66576
-83581 -6755
10885 -53484
18351 31648
-51516 -86724
74822 -6529
-94474 94590
-94513 -32772
-69008 -68928
79338 -8672
-94070 56879
14440 -72733
88379 76482
-51999 28981
51684 942
-12030 -35391
85223 -65753
86997 -41100
-23529 95583
-37674 28373
-18099 29518
49383 -82898
-52610 -32571
-25132 90453
-35223 -44514
31189 31139
-18416 -79504
93453 -6898
43309 -65710
-99389 47349
18627 -90382
76035 91780
252 63774
20995 41540
-62115 99321
33087 86428
-94003 -45584
-66660 58660
56556 -87870
-93463 95613
81990 95019
-35455 94623
-24280 -74946
-14694 84799
-65027 30913
-11781 69941
-98091 -26336
-5724 -94305
61506 79059
16775 -49925
-4045 43167
17905 11338
3633 26091
-71315 90250
23055 -33267
-17711 -33411
19034 -39788
21041 8600
49291 70955
41698 23471
41920 70123
-45326 -21706
-46566 -85338
-19104 -85053
96195 -36988
-41833 7183
-14041 7505
-99067 -83863
25569 -16484
8146 -50874
84671 75775
88074 44615
-91922 -18004
-19490 57316
-38417 2957
-86507 -87353
19850 27821
-48101 9777
21814 -60337
10558 38376
498 37165
-99560 -21659
-56395 -2793
-51030 3407
-90954 -30875
-77149 76225
9036 80757
90273 23028
-69429 -14783
-60586 -83951
-38461 51642
-53467 -85260
-62385 -14365
-53705 -89371
80064 10370
-44809 68823
87294 25865
-2202 99390
8002 -72359
14168 16113
7280 -75976
84985 55721
-45309 -39823
-86395 -14185
11641 -49385
-83426 1245
32766 -88571
62665 18455
11053 -71942
96677 9736
-1292 -23491
-8919 46435
53888 -18906
-29387 20059
32168 37364
-24301 47073
-90699 1690
-81861 -75569
-47708 32262
96374 -86574
68431 -10716
89146 -83047
-14473 66610
285 21846
95386 76661
-48428 30174
59133 53568
32260 -64766
-59679 -50091
65545 48468
23220 97952
-87577 74008
54219 61248
55415 -30579
-50426 60990
-70718 40567
-95070 -29164
82496 -14909
-1392 14111
94821 18386
89152 -61044
26627 83327
8978 41328
88726 61435
91614 -60582
48321 5304
-69659 15974
