999 1000000000
528935 585746
843326 898644
882186 364695
948840 424074
306183 94532
511678 154823
274229 610585
776377 752661
86403 61233
255216 551960
838843 800465
933750 588792
636689 291957
313852 206003
535278 607255
573192 391981
423898 248445
815188 581043
748696 811632
280838 117029
282893 907210
791652 405466
776576 341968
865402 90265
740925 980384
420072 461906
130879 275253
233853 296174
68487 299426
104323 524595
406402 227459
943218 309443
531488 894683
758334 965625
609408 870801
65100 734099
336104 320838
769628 741743
341900 363418
278618 934000
614721 259932
532293 57755
269573 501445
972673 858163
547538 763111
251881 694213
996184 154000
932630 985375
368000 813971
988625 147789
464805 593811
793848 265999
751816 703981
857845 734510
860947 604058
543227 461723
406786 462608
493365 391966
145074 397692
945071 306076
982738 832445
453468 217910
879008 955049
310697 668852
753577 620947
120352 235790
721580 634903
671612 280760
879730 776553
484969 854826
302014 533136
520378 968256
937385 341008
780445 297471
883129 891698
681679 35282
305238 171168
504415 36719
62745 99441
864827 601703
866507 943263
568558 846633
434762 608973
167144 445498
96281 461906
962655 991956
749967 44616
989295 531115
675261 407108
775071 314196
109825 459133
187315 224299
197643 702042
681209 221138
686810 28118
944526 234130
511605 370153
854427 439727
167671 860488
582205 266120
713177 895769
743864 793032
353002 235208
54849 896433
232692 368590
803245 112163
928582 561300
170316 810663
669646 63499
487318 710196
272509 335346
856501 141034
251784 123666
487911 445025
274331 93585
124177 755437
580881 802306
112407 952331
689203 576913
827468 73346
608590 303314
31140 756172
29557 733602
275978 845887
59258 481051
979784 533412
621053 516920
591699 398615
263850 296669
838604 323900
698640 937824
929413 847546
898715 648303
539331 105432
73599 299903
483750 489895
13681 583741
354111 393508
88099 777421
802190 747036
112908 20521
955414 617668
945466 407994
796537 116030
80743 683740
671115 356789
534507 627229
231675 4444
464575 269458
961069 186191
530285 222093
424066 201150
224697 743097
745490 661875
995562 957609
524983 877624
678087 777134
248288 933963
693476 122200
1184 365318
654148 330492
376675 753531
249266 39384
425513 351882
651017 103287
851426 983995
747411 514814
207981 47347
676551 943101
309075 822762
961733 820193
519231 709452
325622 492538
213811 793173
253403 836906
729474 222496
93789 678855
346256 614694
871001 287796
147633 577285
698537 552861
22331 458372
627616 917480
275409 335266
365739 721151
289779 776765
548668 617193
101711 870276
472060 448422
390324 928841
933843 784478
974746 361496
984108 748273
771480 882661
182804 30030
139793 942967
505259 1637
657168 802664
231378 498850
249961 514551
295920 330828
628819 734891
998874 259911
978290 357859
426669 423848
311614 495864
823262 910021
968376 395585
318065 178278
587424 338866
71665 297046
794968 692116
616233 310291
842102 464399
316916 266291
392463 411484
331483 450001
452773 357805
201014 269235
434327 990447
11028 968457
495579 14579
433753 276909
4436 817277
696296 978767
360237 958117
936579 610497
561951 233484
709354 513697
705332 217368
7067 171583
189681 612140
401244 581927
925693 288127
497418 736682
62869 860757
583672 445263
926493 653694
696730 908798
424612 108567
663983 690547
137354 125479
785347 25595
147787 718705
957201 743494
626312 826685
362341 166729
830805 321981
641936 485334
516868 221121
230171 407437
899881 19431
487102 191372
253390 822410
396360 189350
452945 741620
665830 636028
647379 919571
724314 102681
608636 594132
729696 360801
409134 920446
497262 887947
785805 217365
510824 393360
929755 238678
33746 843027
366349 404898
629905 718952
74573 944305
452677 846483
93148 819015
167123 712442
10035 878927
478445 320630
83345 391630
506632 618259
925733 854200
316853 979193
570474 605829
881461 930382
663167 914957
599564 455613
248549 638810
911636 685031
40361 103784
561091 779932
755953 693413
901575 410137
316562 712720
488813 915690
508219 241446
93888 330736
631431 760118
837290 341628
588174 656299
72578 25288
204068 283808
576835 895207
869003 408012
708486 330947
984203 45232
818287 949155
965492 123020
734229 824676
583516 562182
670876 786918
941437 93788
660163 462032
799859 227595
948927 335596
258650 254994
111724 36040
274585 897657
48867 491087
471945 199458
296788 161887
514411 894061
712767 317176
101477 808532
402484 184376
613628 407053
753186 46936
300810 514172
285235 214233
890490 967241
48006 891920
561587 648380
986837 237806
467399 48311
679813 353801
245488 777617
758617 772144
598542 711353
79649 530279
362047 644630
317673 987796
180623 220883
145061 216266
952154 18989
515881 397171
254821 929063
639988 2665
291421 899951
610726 861748
303859 318617
75133 824783
569077 958696
742507 595761
837803 187467
863034 536290
544302 190823
633083 361811
608962 168214
886734 201563
544615 432837
791310 87776
210096 696243
732044 315447
564270 262949
578997 511205
374637 662516
693497 701141
354958 846863
181119 896778
995948 114601
493376 638006
59790 116627
710958 206702
600623 35175
104972 401544
695691 783959
234989 560385
396275 254919
262085 159617
450382 25651
542019 113501
544998 364959
502974 365600
800713 928569
148728 619427
178066 138891
798350 957942
711568 236471
283638 575133
626215 496943
619373 761829
701765 308875
27838 813266
24043 962698
1406 275416
296516 843839
761830 501575
271717 917008
461193 984352
435170 536586
232988 460663
937216 840376
677686 433309
202232 750093
666197 231361
690103 345480
951417 561203
829226 731722
412957 571878
903498 355406
463040 820229
522954 757684
336715 580436
952264 486253
432830 269341
182647 880792
688854 23222
275141 491247
762423 381546
140929 44194
179429 496375
429027 623737
936533 597769
341619 648710
72931 906477
629051 728552
535021 195230
370468 985618
524135 675681
221830 659486
696362 702704
161972 31316
903563 685016
507649 130640
117115 364456
799278 553265
714153 704672
521524 260443
126774 563964
229742 574190
294281 466333
560419 751245
510651 239957
621403 74551
595726 227111
380300 325831
936326 884117
852900 976999
803226 542909
476760 899702
870403 678895
667479 517649
469086 77907
874195 340151
169560 773574
381369 952780
861540 751762
782799 285578
431836 988840
11957 267902
10030 156448
384863 854969
908693 454756
847363 39866
940925 621671
888604 626102
945344 257493
739885 977522
56130 191727
889828 844088
422031 856547
437966 257776
906445 652848
16668 295602
981466 348962
680740 663354
103770 959997
444693 494593
461359 807456
708073 669040
232557 875644
289874 279569
365959 343720
343343 858815
948893 750391
116518 541519
421660 139526
653382 945037
848369 185920
773667 141427
458043 96961
192692 620122
960323 624292
804272 502348
369154 47675
736418 309749
50636 478412
768989 964045
366402 854253
745467 916686
900050 434365
394911 413518
217092 43768
481376 868615
573181 215672
557673 371626
212806 441728
506632 873522
542498 719368
897528 987546
765788 942828
51679 902253
912031 657634
208165 847119
118307 722930
502092 33546
678231 722668
632651 669245
898449 133780
636446 960504
98983 434839
807622 150956
854218 93768
795556 536961
754988 171691
907722 347397
829993 443056
60201 165553
103166 725774
915976 288180
940371 539727
963055 825900
281269 568899
825285 322955
324844 678838
222569 680305
451255 228773
610513 954042
525715 359620
701636 359398
700780 105880
264558 371108
33648 203010
32273 257113
212107 369746
186006 121925
58745 486271
312247 398219
716728 383287
815771 392687
403572 505489
796156 574501
42092 153692
513401 215766
994363 887670
282270 474422
707054 42668
566104 457985
487974 415399
731640 505166
225860 384706
738746 403155
217153 179345
1942 258159
474034 284120
898226 497079
639869 937555
278724 961510
868721 177665
385312 971016
713022 676213
988790 605302
743051 404069
579314 799706
670908 695501
409483 459696
103829 809414
645310 688251
240638 563426
744835 513210
423920 188159
260101 356424
60106 953301
250314 946835
708629 911704
478440 634994
942902 261239
27636 117103
877707 928885
300933 931652
299135 365416
650755 930895
414482 430813
776126 344767
926494 265316
983441 861186
739721 264067
892885 205139
389736 410825
836021 433656
374269 586098
953236 427852
725454 368568
537521 659306
970927 242868
856867 294287
432202 568225
839473 313272
746396 865094
49046 777010
654813 406181
52964 958000
384804 329418
569256 238603
935569 145413
966733 862136
635268 232448
4141 318675
691036 699370
891065 241949
38173 391868
938120 947830
688361 603587
28277 538230
84682 928667
858339 339754
772194 929456
61485 40671
528854 769578
464165 760661
42770 159974
71165 473524
699948 554182
165683 186730
729749 463355
51096 69559
95191 754804
895410 338896
621925 878739
911782 246170
860425 703694
549630 782809
46753 126201
333193 178078
251039 587779
135792 962111
444395 643447
58560 161453
957443 429990
185889 439465
891603 831021
34115 853733
74211 76722
86149 319303
487848 899648
270320 526038
235623 515908
725087 778308
271401 602839
352155 817344
212913 688868
673476 56833
842172 335701
933117 660611
674143 157109
824439 673936
856951 170337
139229 212013
473169 474300
910747 767477
917760 308962
927718 380325
10326 999439
867560 500324
602291 381461
373096 739297
650703 303945
444964 262050
699503 210329
725753 233543
640546 9885
100091 320340
703395 571292
318977 54389
881276 141945
373896 692589
778325 98277
898120 593360
101529 789716
747513 356407
272712 805592
603533 864195
423512 32439
727343 514416
698286 301298
229700 112556
5914 199385
555417 122844
146003 978141
701464 602008
359370 758014
617903 625273
597735 891302
664627 407676
64360 934124
400487 670291
832954 820771
86262 74567
173615 630319
871814 406068
237208 938194
530956 723219
469146 887148
891013 28143
531074 195196
54782 863858
723868 228722
242296 681013
436589 123505
380236 609627
598851 913155
663322 359895
231224 949694
337450 918857
897332 485349
234797 938939
46917 702230
900167 210078
806297 569335
418671 370888
418900 843672
474196 514579
672530 756999
918766 704708
758131 658595
262627 589142
96507 15306
69020 979325
255350 197831
891616 645571
107108 484925
159170 193668
232443 52533
324185 938905
330937 150256
366414 873784
520701 502352
673020 469893
965985 302697
413496 190886
222248 309419
516609 924267
172642 306226
365408 68724
591270 92992
724679 280435
970929 878800
648114 718127
315457 227427
186626 899116
506636 973675
165108 688326
64809 372078
161958 386607
648687 685793
91720 660932
716469 351625
479305 397305
734219 810151
503441 139106
742938 600397
116912 3834
103227 12342
797968 390402
350390 589611
122758 503909
447676 154912
820744 671016
727930 969733
121022 873700
909668 122568
829180 271117
570675 613202
103103 250375
696084 127109
379856 863344
613037 503844
616523 531023
225744 231712
257502 669740
148805 518406
639700 326902
299600 494836
614847 420488
614708 19658
120979 744048
102980 917794
294153 808055
605245 573090
868819 561801
539452 532225
579956 501741
295069 463790
650625 437628
103322 890129
587590 82338
882778 383634
293100 624983
289844 435242
864463 404788
324428 591311
188344 627272
764359 223140
535880 424483
795852 749357
673055 354717
135582 957964
715506 442062
444900 507416
150116 506199
91836 579817
98460 525078
969152 524857
832622 878890
598869 365419
666690 248368
116015 258064
122233 883846
601962 953368
530024 308855
866949 947316
92249 486570
153194 987514
671563 723843
928322 128267
762999 663517
605428 617727
378595 742241
501396 958527
77366 469784
593848 29524
664910 314055
654549 184343
818441 648676
634132 668460
980046 648737
100332 154276
787149 733236
223354 482961
296386 165987
516646 102090
299167 578351
657602 726329
690935 222891
218313 550752
447160 94216
286582 321334
172890 755657
936814 514993
548361 416993
557117 711250
671325 247097
304160 658191
218095 3840
102624 32148
329500 189276
664508 489487
985250 635440
247965 163107
663671 671652
143661 348332
555729 811638
639904 958739
300906 825835
1472 894331
549854 94190
429307 562768
510469 413892
322077 963277
104117 741531
278480 723656
230810 386638
275053 980492
376868 5801
767549 279205
696125 87039
808261 402429
418335 453155
561559 581724
578445 736287
398956 857828
313357 545965
259285 506403
211747 419509
768260 804101
700563 545764
232108 141620
831074 514809
409514 419979
600698 334826
998306 350958
337034 788669
568937 371171
273378 287547
3479 997508
951205 934794
385653 584107
739767 844247
161449 143960
551021 907316
798388 688940
211823 544414
564879 200710
507759 249049
413486 371321
467309 66491
65464 217372
824865 715717
861859 119515
178307 277048
996694 674330
556421 573996
816911 347322
980669 176457
69029 899662
313698 946603
306298 67535
225621 450056
564721 782451
623707 716389
484735 716218
543145 45815
695280 665603
603814 178823
515312 495073
172755 727454
639812 647476
409852 883567
116581 984498
246021 435450
171577 395516
450732 825804
49870 282129
368871 14540
650076 823437
923663 19082
154990 528303
886073 106009
467103 185995
118093 249962
787042 415163
730453 283734
817150 371868
648398 993330
563868 720676
862520 383756
579146 111485
331014 239523
794727 633238
653046 372331
223141 407172
5709 544827
471347 977873
113611 356355
104085 328188
488083 568304
820201 745936
323722 829893
300213 69843
305023 800071
24001 709465
93909 728229
221666 422691
709726 452327
364834 941351
564625 377224
287121 396767
353393 52975
725132 219716
562738 645428
480807 408713
361741 881341
875382 528462
360869 966801
178112 948009
41666 222378
370126 347181
373100 86304
601801 732365
672738 806633
744619 102176
462373 841060
663103 860083
970947 408730
389970 986294
57242 582837
853904 605170
260804 370289
931861 546280
41784 101248
38957 371667
76178 355493
274524 457291
