777 1000000000
-1829283 839440
7240732 -6466688
-5496810 -9418055
-7666990 -9823888
-6866194 274264
9789858 3870205
-2431469 -1899046
3826192 -3477603
-8528932 6830457
2344399 -7759804
-8598667 -8107450
9178464 -7845663
2506339 9391349
-9299934 -2282424
-454381 8337789
-6228137 -4833063
-5040708 -9015906
3474336 6334108
-1272699 -9243330
4271599 4740920
3068920 -3426944
6609633 2611164
1799472 810587
-5334771 -888550
5881193 3675106
-3081853 6392279
6788323 -9127537
-6854615 -5537070
-9708232 5069104
2935807 864033
9893309 -2866441
-6019061 -7769617
-3197391 6761130
2134540 -8814550
-1335315 -9040367
2461756 -7550209
-6411196 2848970
6711097 2392741
-4126030 2906320
-4559019 -9865216
-4521753 3764716
2529506 -6147425
6812487 6613490
-4412523 9218617
-4748717 -8702474
244690 7298807
1993910 926854
-246979 -4317228
-4002414 -1938272
942100 8857107
-8544535 -4957051
8869734 3146052
-8512798 -1167494
3019941 8239261
-8315456 8045861
5413911 -4428107
668277 6508520
-5137355 4026837
1201127 -8539798
-4565560 -1751174
-7208789 8876722
-4998362 -5365026
1943541 551439
-3617898 -3491386
-69318 8185064
-8420577 8240898
8760018 3666228
6053625 -2358163
9252702 4848206
3734633 -1020260
-5586409 3829994
4715714 -9897971
-3775259 713820
-5762616 -7412849
-6240903 -9687063
-7587450 -2172477
28664 2765217
-3837423 -7435769
8403539 2637583
3577326 3781018
-3563387 1874281
-3624268 3057690
6357109 -9673857
5913619 -7656958
-9677981 -8494596
1247841 7155158
8507439 -6846266
-1420147 8837963
7750198 6525597
-5034481 -4506846
-7019240 -4732652
-1908153 5937548
3199341 -6560276
-6425614 -988589
7809256 -552817
5779933 3774801
7559359 -73451
-2441561 -847818
6040816 -4427762
-6134092 6736578
-393354 2829398
-6516886 -9171847
-5499406 -1412206
-9339950 -4540223
8860682 -1258245
-9909083 6050220
-3965639 -6543902
2758940 3291827
-3515093 4209226
7509930 -3206661
-58319 -9890760
1828411 -4154002
3047900 5162260
-3189394 3345198
8853216 -6619494
5950981 -454944
8872107 -8539854
-2339196 -6757664
-4820030 7803028
616196 -2842825
9255827 -8949588
-9631903 5357443
1156330 6655246
-75204 8880291
-3361916 -5421351
7674348 665912
-9398893 -9795289
-9684648 4590331
2773414 -7739448
5931121 5520903
2619942 1558918
-1318459 3849498
-2224674 8540025
1815397 3458105
8513666 9665765
657952 -7746465
502154 8374156
-5845281 -4891899
-4497362 -5353221
6245054 713908
-8291295 225075
3921296 -9468979
-6075261 -9721070
3923154 -1997924
-9725238 -5060160
-6149986 1375443
-1464581 -1582015
-3410760 -9217418
-3472662 2679064
750772 1758238
-6816915 -9159387
5251161 4271123
3163969 9249704
-3870849 4636703
-4232515 1980351
8135067 -891625
2297501 9749335
-201663 -5218256
9087511 3485935
-3484629 -4503268
-9555739 -8274978
9583226 1177153
5566605 -5191729
6815536 4126061
7499368 -296389
8356080 1371530
-7116078 8174386
-3974392 8468251
990153 -1999014
393792 -2550862
-8440176 -9084089
-8310259 8060501
-3030474 -9547734
-1985616 2697009
2683756 8279282
-2989658 9079499
-9765691 -6833020
-190507 2926582
-1648270 5693179
922116 -9999046
-2196053 2825795
-4839854 -6282283
2870064 -798721
9760994 9034346
-3850028 -9347616
-6441806 -1346670
-1522440 -1355270
-8281895 -4011302
-1796662 5086786
-7685220 2676905
-2411526 5497237
3608460 -6170595
4114537 -2611310
6658155 -9587302
-3736773 349232
-4124148 -2209211
1535807 -5230284
7187370 -4301572
3811885 9201284
-8010342 7533207
-6486866 -933753
-7636943 8554779
-3793215 289135
9425854 -7068434
-8435984 3891700
-9088907 -7472718
-4906316 -9785361
-3138078 -8866923
8628942 205838
-9378029 4976517
-5236296 7621195
-9287621 -7571112
-2574323 6479763
8657897 9297902
-5874389 -2554710
7065951 6244696
8805491 -8374152
-9237490 -1959815
6866075 3766691
-1694561 3651314
-1117092 6685752
-4247811 5039336
-6956986 1787483
-3740811 -3249901
-4664205 -9369409
-8110769 3423530
3315920 3164230
-1353831 1792571
5888684 9693422
-2177818 4953911
6230011 6891182
3396157 -5418075
6240340 1206962
4826016 4899606
-5854690 -8569044
5613122 3335976
-9663617 -9070460
-1547435 3051091
-7538402 3900303
-3117613 2963424
-4549064 -5322328
-7044315 3726271
2455988 -8609296
-7729292 6719219
-4786868 8567441
9537430 6210756
-7233752 -7931312
6569145 -1670713
-9352312 -7919410
-4309710 -5038115
-9267820 4345172
-8840795 -4238341
3965175 4993147
5805400 -5262233
-6597944 2405264
6112059 4774125
4816155 -1711450
4342085 8178422
2320383 -7096585
6515394 -9296461
-9782876 -4035772
-2535189 9399131
4720237 -1299272
1475102 -1683659
7991534 2356370
-2738220 8709714
6309960 -1809911
9225202 -8854952
7515153 -966802
-254578 7593463
-1554268 -1293529
-5247803 3664117
4342909 3437526
-6819165 7465701
-172275 -7725096
-5855228 -7495846
-7137691 297326
5038177 3958746
9418401 9758964
2452989 7134935
8244532 218531
6823412 1276485
5114738 6138405
8148602 163765
-8396477 -8773100
4142738 2147958
6909074 -6497616
6347869 9842821
-390133 -8181329
3767706 -8417366
5894900 6227809
-2403821 8086329
-2460778 6476175
-4115370 4450764
-7792535 -3223193
-2079409 7766242
6506358 -7920188
-792529 6896646
9602697 -789867
-6777203 5699777
-6153151 1919345
-3731714 -8652241
-9554847 -1714298
-9073263 2763554
4913711 4607423
2861 2530506
7334139 -3699293
2036107 -6650501
3637627 9942112
-3365717 3748507
-6887258 9992476
-8765452 -4992599
-1742754 5264840
792076 -8320447
2842596 -8530744
-3305207 9177841
357773 -9891323
-5230554 -4533676
-6508575 5130438
-4610583 3388709
1016603 7433189
-3217491 -9957345
2823364 1301964
-9307057 -455315
-6986792 9919851
1195827 6158453
2641122 2132986
7096426 -9465436
-3065714 3165848
-3420161 8051344
-4057213 4390084
696787 418891
7219938 9216362
9611564 -3311729
707126 -7193896
5614525 2266052
-298396 360910
-2667779 -5972454
-887412 3869389
-8411628 -5039161
-4187116 5362059
-191186 7588668
-2047237 -6494575
-4423997 -9419239
-119827 -827655
-1977211 2991204
1828710 -3451797
3791300 -6833658
3258420 -1954399
5400536 6855933
-297654 -7972680
2979942 -9854751
-8617893 -5930150
5881743 -2542608
4151516 38917
1875458 -9796680
8707693 -1246325
-8407667 1221685
7434544 -620570
2903870 -8172045
-6619415 -3538846
-9228408 2335956
-9897217 -716655
3569970 -7029733
9956743 1873243
5026850 4384423
1302228 -2269109
2130628 4070698
-2713119 -9834614
8695985 -4506495
8564116 9971796
-8996886 8173876
-3075675 7271004
5498509 -4541011
5884347 -8046241
8046654 1821034
9590152 -719539
4088096 -4165611
-4540109 -9230081
4464957 9315940
-1658481 -8771529
-8413732 -5935807
4831630 -3993209
-726275 7193464
3559922 -9185160
8632106 3790258
-6785531 -9122017
7777497 -4584707
224168 -4290428
4805966 -1392507
3478972 8178973
-7809571 -2547204
4601628 6665149
7219727 -2110853
3514933 1422889
7100113 -6655333
-8493541 -6559660
-3664982 4639542
2295062 -4334629
-9077205 -2029142
9432031 -8292668
8203062 -2085114
2203606 -2833578
8930319 6075993
3400515 79116
1677310 -5321491
2565413 8066815
-8557000 -672438
-109424 573436
9779611 1593364
-839775 -8278084
-4100613 7578530
2482498 5024120
8415034 7904003
7807714 9545406
8395162 3822936
312528 -9180876
8765296 -486918
-3894621 -2779940
5083161 5405786
-4158782 -6800263
-1882816 -7503861
2133164 7106724
-1921547 -7078391
8836664 -6480213
-6291764 409612
3575518 -2908289
-7630044 -3962208
7533403 9498121
-5110238 3915082
5775027 6549121
-9757722 -9379453
-8310248 1298363
-5960937 8341894
-5058253 -1003101
-7298298 8031735
-5526131 -4552619
-3980401 -5941684
-8316397 6015983
-8224084 -3972874
-9515319 1005657
87186 8355549
-9437809 9053117
-7470911 -2828499
8359855 7298585
8130381 -6455377
-6997316 -2967304
-3341251 1923929
-9138465 1594845
-9931860 -3559203
994955 -4755752
4369362 5033195
2437058 -1023934
-1768735 257705
6732110 9999530
-5638202 7137741
5064476 760490
-1080758 5357063
9554468 359282
-9461900 2007112
-6060096 -7755538
1616932 -4555326
5532330 -1952279
7257765 -8759219
9148763 3720066
-9165029 -4512983
8625699 6225641
-8797328 5867682
-1447344 -1302283
6034304 -6785118
2567018 -3977075
7132896 8537663
8596649 -6287730
-8544058 -1284801
-7421235 -5483976
908178 5085394
1458203 9980860
4969868 9389130
2428679 -2722941
9177429 1769128
2532155 -7084412
-8146685 -9913803
-7384575 -4446624
-2637792 4222363
-2201902 -2566251
-1177141 1689871
6907823 9684232
-5463980 -2097677
-1565649 2747701
-2944514 -6189486
8327293 -3420601
4825442 2897024
-9293153 -4736783
789157 4799863
9504137 -5912912
-8775038 6420008
8272181 -7992330
-2044152 -5298509
-4291730 -3199400
-1554213 -1680274
-5019933 -4618796
1650773 -634055
-62117 -6771305
-451780 6663609
-5568343 -6895744
-1327732 -6590822
-5347677 -4707860
8969418 3231911
-1330741 1851737
-1039283 2269309
2952902 -4013521
-3495327 9899012
5520843 664582
3373045 -3747534
-6287369 5911682
-3587626 521068
7314854 2382383
236587 714154
-4112090 5279289
-4029042 4843144
5540260 3136630
2750836 -7248144
8736215 -967496
8916801 -1272207
6911543 -2737638
-1986342 -4095648
5641164 962548
-4016262 -9880120
7305483 -9929272
-2877939 -4692823
4165735 -5945745
6071678 6731900
251460 2044182
860325 786346
-1179595 -7262731
-8328859 1689435
-7875682 3396291
2905466 6691827
-1352280 -1776962
-3528153 -318335
3638208 7328376
-5549127 6722368
7785252 -135607
589345 8643673
1571610 -6709117
7067667 -2159754
-6462356 4956004
-3029293 8567338
-2117560 -4143028
-6214485 5406803
-5558523 -6862996
-2343617 4339454
9938694 9839324
5489505 6774422
963988 -350444
-3779925 9059483
6134612 -9782771
-6984328 8510850
8007406 9999698
-4283571 -362931
6267296 -5234298
830020 -7626334
-6944338 -2347385
4730439 -9699661
-409947 -8414631
-4819094 7817431
9938590 -7621215
-5241341 -6212289
-5087163 -3937383
-8354172 1717787
-2021886 2893319
7035091 9465719
7849713 -8859402
7465414 -8056549
2003827 4594170
-2457135 5757794
1867584 8742363
-4357530 477423
106117 -5153564
4206282 8879494
4630621 -835850
-2162371 -4188953
9600937 7160230
-6837240 -9624071
-1502181 8257586
-5610431 4685746
7345545 -3350841
2580926 2732613
-8017097 3926611
-4578741 -9591264
-4967581 9173048
-8547889 -5713936
2278828 -6287273
2763725 4960224
102814 3622982
4332245 3487398
9582426 -5124722
-9104337 -4205113
9489043 -1572696
-44985 1922973
3346821 -9960406
633249 -9232582
-186294 -9763291
-7563848 1396465
-703621 -5302719
6236863 -5957494
-7218468 -6008209
-2885874 -366657
7316631 -4326409
5258532 4085314
2084341 -5857727
-6156665 8138940
-1721052 5651365
-7659519 8737534
-8312959 -4318970
1143971 6698034
9127130 -7222967
-8825067 -3544519
483773 2239766
7078294 7216331
3956644 8901103
7111678 -9042404
-3153113 -9128266
-5025274 444435
-142205 5599256
7353029 1975588
-565477 -8554941
-5396044 8480190
8932014 6791339
6031490 5492989
-7280828 -767842
-9880334 6132709
5841038 6528466
2699658 -4225826
-1698570 -9886889
-4793854 4100622
-1206549 -6455171
6961834 -1490142
-731121 -6587794
-1653424 9646661
-2044492 -6691771
7955186 4374016
-9128181 -9550854
-3611909 -1896142
6164108 -9041119
4646251 -941692
-5728586 -7720713
-819362 -6994657
-9036696 9989472
4656050 3954414
5495729 -7840884
5350020 -5139105
1075580 -257382
-7951175 8234274
6625254 3202195
-244936 -7703383
-7408032 -9341255
7001181 8895223
4704123 -5123545
6759141 9841171
-8987265 1930969
-6327698 -623851
-7745620 3050062
4097276 3376105
-1829882 693067
-7580662 8974418
3620302 392753
3684056 8555771
-6090805 -2952723
-5223023 -4087936
7168912 488854
-6271112 -732278
-1093654 8556426
8680754 5143524
-6839833 7460953
8134176 -770158
-6201619 -1202963
3365373 5574832
-8584267 7799546
-6791168 -1919861
-5512086 9734045
-386016 -6219149
-7179986 -9854265
-7489625 5407305
-7806359 6134334
6059215 -4995
1652264 -6190474
5386956 4431431
325086 170945
-4219020 -6859375
-2906729 9156920
1477634 3404591
-7908780 7977025
1295607 -1643617
-6771679 -9570211
-1183679 -3330031
5464553 8253307
1213918 8737207
-8641828 7905060
283403 9455138
7424493 -523823
3929355 -5442593
-5862669 7057307
812734 -1659740
9348295 -6861430
-9270696 -1005605
-967047 7767808
2675031 -6905112
4623883 -182508
9310656 -4916904
-7073024 -5619943
-6527552 1286198
-1912721 -60046
-744439 5413259
-1377462 -9282444
-8610882 -6675070
-2962584 7918912
-493042 -1556707
-5991593 -9043802
-9082475 -5121657
-3779204 3998372
6333531 -2156976
6710365 -4470208
5889753 -2180104
-6200501 8068964
9472066 -2465368
3725254 1307513
-3979741 -4484685
-8357076 -2582739
1553668 -5552302
7608122 -7684960
1780027 -351278
2255172 153802
-9979599 -4968124
6271410 9122340
-4161912 8558702
-5541121 5333728
-6334386 -5169272
3444821 2195282
3447629 332099
-3027681 5894909
1759886 -5097007
-4550661 1671837
-6436057 7523335
-2501607 6665621
804840 -2969949
-5479802 9613221
-6130063 1838289
1277368 9527877
-1653427 -5954110
-868551 -429928
-4573616 1850274
-9396263 -9940890
-142560 7113843
8438274 -1932182
3409859 -2716532
-7406749 5854465
-878856 8888961
-737035 770
3584119 -3099427
1048294 8888314
-1656066 -7795695
1207379 1843590
2432860 9671257
3090103 3571159
-8543795 -5717268
5309806 -5302382
-6677316 5020809
-3890926 -8400873
4524686 -3564891
4364316 9684277
-8412764 -9545739
1415302 7099390
1710389 1030547
-8556218 -4396151
2045617 3166496
1786904 -555872
