1000 1000000000
-786342925 405171047
304084040 880704779
-457769547 -488448974
468118728 316900036
-394024053 368466256
-206652710 555033175
-763200861 -553467768
802926172 -283934641
-479195337 608562568
263327844 -700592888
102665344 327998105
-670103506 303396583
-753947309 -325867549
-833583992 -591156605
955999067 -192648403
980865268 -122703897
215062425 745190764
373767001 -776937089
178168336 267458742
-637603926 -810655002
749587841 27562911
-612322580 -94798184
-563624196 596483801
960249 -795143946
636256024 -820929524
-438662483 -944005189
480682483 -772250762
51529118 -814032608
-39125145 370744260
69700947 -89666199
-30258128 -125914836
190893215 -810291540
-50963680 -527473339
730906257 878040440
-867102391 -713406094
406941745 142894364
-961788002 409787318
887864619 -153779298
-305018966 138803085
878271899 -472922812
-395429619 -622578829
256835081 -61484832
-487852692 -224211126
-930442361 -375102282
965811550 172087647
-434832148 872260209
-283448533 -496930628
-929720537 -707597736
-601921812 -539929357
745961926 -470907224
-502798748 207853014
834278022 -417250340
523176281 -262528285
122226758 191676150
884622645 514516698
16301745 682794424
-267060154 -231779617
919951921 91884025
546881152 -371102907
830581738 225467831
-505380592 867274469
-62152807 -321133270
-474494759 -793507783
-598714277 384485452
-718718928 -482569017
-105242638 89380799
-238988071 570189358
-486437698 -262799956
-149987722 -742260584
-555372386 -707028959
450794669 -706880540
336148096 -555925862
293903035 313060519
-293047712 866189995
313579690 114585007
-907421164 -186938518
-467869387 -60282837
866660014 727915933
-876189679 360251391
868403846 84883016
-806494834 733562634
-147320050 961098866
748933897 657753432
862461748 -863749952
587552706 -389634430
-729635329 -241716119
177812504 -990253913
-100697690 568523315
-9416257 56297421
-407409325 942858625
-503654491 362304577
291675783 -998847581
992992144 -529076789
977677002 856604030
801937253 710511969
-204496766 -109171625
-308504333 871996780
-941483018 -726284828
912819855 612919088
412082050 935786295
47253185 670531301
-114269927 801391447
-860698164 -123359392
154030015 588671320
-154987466 361189853
935600220 -162309990
-600907210 -939435402
723614360 -47929641
-224011305 39338782
-759031345 -555890057
-528434840 -489789191
719177202 -506762449
-819052720 733429277
116519109 -943999407
350365531 372476005
299205352 549178212
-152139821 -550231340
488529817 250130982
407515909 -632701804
-254610756 382270279
-230860202 204924499
-54058653 509129564
-303243960 -4211850
656989395 -378756702
-648531399 273221946
-733762847 714027417
-450070017 808281858
67551464 -691688537
42050302 365034867
-27722443 270289291
-261999031 918386380
-651095285 595471352
-952530009 14322202
-867030219 -736499982
176987860 808664677
-381455454 -194456524
-47948527 210119736
-299381433 -297157180
706928608 111255312
-295067008 636155344
998036890 -135579972
-969576150 -389375987
796203840 -656309601
-602576974 584681051
-771358781 698898505
-547494517 -224194374
188760436 -775760943
549974443 -123090149
540546783 528096971
-846428280 645053692
641668050 -516537994
182607435 -588947378
77033325 503679567
-246303899 65957294
-737164373 726258426
252769119 660790296
-838586170 490700065
-819118323 112983935
-538491649 803089677
-787536933 -54017149
-58268811 -228186034
-870878896 332190482
944023801 -278074412
797598816 -322449389
-453635318 -90514817
945612575 558861391
265134399 -920717604
-97280096 -970258568
-875956796 -247267780
-511978201 -791949729
23350785 564765541
851417633 832090605
-147830918 -643219311
927295566 -153385109
-313989975 648319902
116159705 904815567
402373252 891867912
-693680842 886529558
83216738 393197110
-398113211 -511746946
-406627444 -660032620
921299795 -761254278
-514597945 267009512
-590800150 -572646419
-494049056 -531789509
-979539466 480009238
318401303 -379683480
798426080 118704724
-559978525 930083381
-540607214 619139511
633079486 -994180731
694124457 -158647037
4421953 891703046
-96765358 -516696442
-901002162 770958202
-90186444 422333907
281804595 959893121
872404664 871617335
8990236 820595467
-386832448 -751576119
278808614 -942957901
944644354 -350197867
-151694487 -418352358
-354126009 74980543
602119544 -971219794
-313732326 -506834207
917080226 -122150492
-111452021 874513457
-225977663 -230974511
-201473005 -526596385
407880396 -426164269
18839651 143203902
533364171 480034850
-37556933 899687257
891419781 875619283
428366106 -91348867
-280205483 720558458
-52746316 496234495
-224838790 -269231138
-964032649 460332154
-420357062 -11910859
451477273 663870180
889429576 327013135
-534243652 857712209
-891228183 -174954450
850051175 690772655
189270588 736785854
-645852993 -921358598
-406491457 860616741
-920449834 -349189698
16219168 -588185312
742575750 -786553313
-829114101 994938996
-975649406 -554782711
-183287038 760592297
-328708048 140551948
609071395 236582359
661879056 -967338359
82919157 -958188580
705122710 -949260594
-810783942 -141787974
241818854 -972127918
279790969 -794376712
-353066787 -916082568
454022663 662493459
539702529 -355485482
-500349890 924902368
633336274 937172032
-170132992 759464122
354997646 571471232
24328994 568262645
-2674502 -454249472
-44736071 -917946278
347263282 -330364846
-638804225 585553982
51769903 -367623469
845928920 875359673
-149913762 93622808
-999570057 -286700815
975178845 20611208
987594995 -942483716
-965480627 -876865308
-849393301 510157224
976296442 522609358
209996036 -237444942
-236390121 -739041250
-205880282 -756669222
619558185 76649485
-244850824 703632596
-399757816 744368685
435117831 255805627
189410422 265724174
805420372 990973229
117381323 921217358
-510096997 852976854
766679891 273277959
-779820750 775471763
-242441276 -333672954
902801414 -824651118
289840813 -547165896
738775638 -567475545
-787345226 -26241620
-85331173 504239381
-438330523 -416209079
-412371637 100725217
-736387785 122109338
640792726 375335265
-487897014 -39404764
-811760866 -56972073
520827297 -998536881
293981014 842557257
-440881627 -362850045
362309294 -688821285
-461475096 234811751
36429909 -665013240
-603355099 -17941526
734796925 -598733504
369491201 62738424
-444008151 -173434492
643018873 -795070933
93905292 -42476069
-779495564 -171275780
-659394639 -192506277
-939777242 134253110
608938540 747632349
865759801 -496443960
600346218 -283389143
429875587 -57634720
486214339 -199839067
918773669 -68019557
597872948 -639906239
455743056 -578926512
-182821055 -240722016
330980830 155094168
-449912352 866114853
-919482934 -46219837
-739391387 -783090316
-562008470 889717545
-956246377 439413609
155913083 672136126
700674621 -754896334
847952276 -716240856
-759718410 -524887644
397208604 150179910
379110334 -568863168
-50159606 -347665726
924540430 136607808
398228725 -103625588
-768457947 -806880542
-549235729 472965085
-594178658 -39627124
-317436812 -735604407
-259635728 -18864092
834564976 559321719
-131123322 -413676057
-522446048 -295658522
61996290 940938212
-850920871 -618822479
-206833365 130473409
-865623600 -957165291
107096552 -965817263
646360902 341846373
-63987040 994502732
-33278319 890066783
-561752585 -843983049
-165832432 61357109
330550298 -747913923
418030595 -415915988
890921895 593779287
547110779 -910187081
-882379392 -934912771
-115157303 -931080125
-713819683 -884227476
987888072 -68033947
-477725490 -699971041
-440622262 -785380717
593582633 847382579
630469708 -848473115
213513425 708170216
-210549883 559111482
-974899676 37063999
486460098 -141478812
-799405805 941802301
623216895 -431554004
459505141 -664893422
231643055 423215250
198322907 -122958286
650164123 -175955046
-858640484 -693489499
-700674417 558490848
-871678672 930928212
153443510 -859834611
889767973 979862401
-532514597 124371681
-535693379 -729690692
-848341258 771177682
-556054627 -593170307
-648695181 -431024916
891448549 -581118516
-632912680 -885439889
414432695 -791238139
638990058 880833251
-446541746 -64709275
605428776 -24576285
-366049975 830866580
998288583 -524821661
686968547 -924711783
650960119 -310659841
974262868 -948360750
-582169183 -190830454
8590742 548306141
-735316679 -883181808
-517354653 -800236582
893242266 30583921
-596008543 -355556874
-471965617 -95711213
-356077618 252705003
-569391256 371962347
828296645 507132313
-837036991 -38764542
639810742 -859358732
877800126 -779994727
-786679022 -983665780
718563194 -945532039
-59155355 179702403
-32220562 989101349
195605335 -991283048
-208005612 -683726589
783533048 -544157785
326453926 -114158648
-125618572 75062095
-490994189 291214375
199505658 622276402
631763099 -804677446
639362611 -357011013
946010754 145336104
-606973076 39220644
89885985 20385672
-229198264 170003119
81015972 592827790
-314066202 -88689866
-979565348 492586233
-883939834 748184603
34813703 141153504
-224262377 104418083
-801226019 -686417345
69150294 -401164188
7468487 -11248547
957322073 298966066
-962062177 326001624
-362860535 -635074177
-271233829 790079913
583627927 -83588600
721650039 32187905
-702584124 415021198
726590926 359958025
-412045798 -46126698
-739649737 -507827704
-868429718 929995190
441112617 -31012060
367678043 390984724
-59036100 -496259121
-14586319 80121057
-240314000 -550432916
166888793 299615571
-538177840 -743297307
510342998 970588806
459695366 643227529
450493865 -221877847
161730539 -78866673
953966346 -777981667
988918825 -740301609
-388942142 142462039
884698677 758659462
521351342 284587245
506506300 -386771949
-909735163 178292687
-565630896 -89824516
536112307 957170469
-743145393 844087592
-534564754 34577199
601888003 358295987
-239164809 786538176
-658906151 648163243
973252240 685286352
-769711417 -222856937
-802955937 -308271400
-201140746 -682129240
-77384792 667794636
324825120 -398968195
-760426018 -774315864
627723528 -482566921
114202906 -613815681
398441408 -829915644
-55299097 -121734598
23021378 -581212119
367187302 917988577
-579485393 -853627862
-443766249 -321234141
728256612 -934092956
-914028629 66309635
-64985131 -574612845
371248398 -208570547
935769361 -564744102
49448284 -745259524
-795231585 908675678
772017691 490934837
5191016 342458394
-548154976 -632498470
-564104507 -463744249
-204776076 5341316
-461145892 -296535220
599238578 597850768
-495461379 127626253
-785729962 255516253
241756249 -640490613
685017686 222486436
933310370 -463904251
-695119970 555077713
500141765 -538603357
-114985687 -649511382
-73078047 960793940
-472735236 -281894191
732197706 973944895
29103965 103738861
11250780 407043605
821345759 833823871
131559854 -78049586
706001464 350239792
982203238 -794939702
473157728 599953875
-296378118 -981094999
-327084813 943950530
519211648 -322710666
700169811 -829136679
475842467 105520002
971177368 -410280992
-304954120 -294229280
-122327072 -75858528
-615335885 -106355163
-892978123 251570741
671405613 -351900970
-100239718 935428792
673329083 375667280
155190866 932179671
-51451833 237904655
767664988 -283688470
-142810036 321376834
428110346 401215428
-185681561 -441470378
538284656 441499206
40249436 -486212229
-857484922 34764617
816625458 735363312
491336672 -153397785
737081855 760952457
-386169472 71884390
-271213243 -612965628
-20628559 -552252556
895221885 955924351
-484968687 -666797139
-604626810 835940630
-341279404 648336523
991963245 -310616137
687464866 -790623101
-912727029 348031759
-379837389 -537388924
12446835 586275601
-115453659 101872015
516724837 -814923631
16630174 -924762004
-593378939 -752492738
-641333196 842767075
-963109685 -30185325
-848470948 -979098814
852876627 6147848
715929684 258527772
149111910 535580770
-989954547 -582584354
359033001 986104244
-615434938 -208271799
360770986 144427876
465105996 -906345367
-513704752 350872024
484607564 326315072
609475839 604801188
-998082532 -391130971
-856839340 -753081131
450336923 -226290205
762957589 -945669022
-91066518 951696584
-268749105 366757088
737705870 607184197
-351768083 -107111424
543196326 60811431
-148621880 891744110
-488717980 391834919
-291183862 251896122
512442291 778389249
607543802 3796634
159915913 374756373
506783004 845606291
-967310400 -954856429
920339271 281422611
-809015319 -397261151
-719255872 -374496260
-717965458 452617210
-698672486 -91024789
-886292680 -209638176
-480549853 78510100
-471374874 -566967468
-296340125 888612007
981468253 -682764471
479434713 -886905650
-373678567 560593623
455417025 390244367
-14888132 -110636347
-897372876 318627213
280679542 -255098022
-707176334 -481777272
609839491 -821162907
197137987 536694626
498779714 -256906321
372967548 -576593109
-456410797 278084202
-777300384 24814785
371000520 -921373622
-910331939 624479412
591527752 936366707
-777836880 683970595
133438763 107518825
-640586721 -272548820
-620263392 -960759754
405297225 -804501138
-824664882 566164643
655727164 -797597751
-114564126 -695776097
-314774922 -84156588
-433371739 -317975939
-82581737 434852695
-596740906 -665243151
-75555282 -412158621
-529244634 -691656241
634719049 608631377
-766839341 307304645
-117000073 -870711391
-849042747 999329561
-788163131 35059694
404880140 500358167
416495920 -847686085
-237776632 -778742347
439359762 585121255
-535219507 170369375
-503608884 -264714874
-624839375 -343695005
-697381254 -971947142
-208501865 655203799
257450679 323097784
-68748025 -660360042
-488570898 -805719599
209739016 -677296152
333730446 -944340971
455927171 -505346224
-675924049 -84847604
-557662868 572399185
311532535 -86787032
67864764 531683886
305476336 -145380014
111378537 -124671803
266441045 617595618
540408256 906014261
-952800269 -860334588
-772144664 898311362
-253862240 -11562522
-101131600 -66368940
342443576 247850146
-583342970 -23930539
697079263 -87443565
-79739090 -421012664
-183108804 -224538025
-624847845 203535419
-863562565 -507558194
-967852050 616399606
-142217420 -238566812
732573559 504700533
-505052600 264254762
-451287514 -275101253
-801642374 21652940
281105931 -486513626
-280356047 -503771877
366293081 848494685
711640181 523751008
600315520 -194687196
-380612553 781100887
955690932 435382602
-495327916 -875360770
277173719 -843500839
704085844 -639173714
-442188139 -780806487
556049811 -643361407
-660412147 -283355477
-753937291 -859828435
833288338 -177096286
-502901350 -650853407
475682586 -937253226
22878128 -127150838
77306732 -294655462
831540811 -891585319
515274536 -697493415
-891729723 -797271485
-454227429 -35682431
-525919715 -654599546
-735319701 619254765
797934511 -424795241
523328286 334448580
702306054 832979955
151201307 -525904834
-195314042 34331593
-867429686 -408336912
-792508971 443083720
-527086322 -688317495
-434802389 231612312
398509681 -265006731
-240683492 -930492324
-52164547 265353697
103861557 267750961
98473912 647825437
729530330 -2148716
708159918 -671146246
-637095946 795521841
-347929168 -248312575
-763678813 153389222
442982672 -846624729
-418827593 -899197811
-149614878 -538558851
175775248 360479480
-150607250 -15310331
946898121 347993714
-796559963 554727970
-79247069 771274348
-712923755 -47557039
951811799 582406342
673818579 825651438
726910384 336307044
-884523352 472841109
-11092945 -841260241
-727330675 862533304
-991368422 -554068231
613037279 929124856
-529987319 943007524
221887128 -98759175
-14168004 -85083131
125900433 -752104500
644394173 -201455850
-272822508 -623180601
-611000912 176185685
835184211 -650023681
498771137 732297721
98731675 761960320
798519735 279643879
550833986 -97389673
-759904190 -148947450
-77202261 -521870595
-577145687 -157752265
924725515 985267062
-666647894 684255148
-411863739 -187102648
766386381 352178018
740257809 -790438965
-33622426 -561957773
478345132 -932967597
-136357234 413236711
309320660 156587015
999822263 -642469022
92079150 -625874029
-444166027 278509036
181261642 -148216391
-818396970 -54049385
112151418 295733561
247705067 -446972708
160798131 334197283
-405385546 683779893
-697133960 984026183
917057038 995797763
-977945181 -184280032
-814761155 444466494
169335910 445656917
438803207 -975540459
705757804 902203776
227574914 -453497093
899416646 80498102
806314320 229758960
964721410 74370351
-506577303 -968126588
-776443279 -499749658
-395484301 829000404
-730803160 -445593768
141773182 -55618549
-105719235 -941645903
-737050999 -413492554
719103286 272668469
564214436 -687044772
937348396 659561136
-128633794 922519825
-45797789 -349617072
451927207 -693431767
400873977 -641325915
852452655 275358999
737880751 779707099
338608425 164560054
-549092384 532417402
622110499 -102443179
-946754489 -431267813
185627916 306591932
710216255 -977924217
310633235 -452558431
-418824554 487372424
-155988755 -85529504
319840817 694889907
933497839 -341625732
-64066365 -731129019
-431461748 193235079
-65504170 -365856672
302146197 697501982
-380668344 -193670304
135807820 892911085
233110754 -608195503
-160320419 -472689055
-218809174 113205523
-188130446 -405505703
-622276269 -568440333
5773355 -761832223
-552683894 727171409
-650175235 715990333
114888931 -372776396
-240163679 -717747660
568915390 -462914924
29314103 661726197
179977163 -233505037
368536333 716616205
17555997 -103104128
142087554 -703773483
563370375 181063787
-687061447 -689588344
609153199 871643344
-205864593 -976539527
940201035 -918080563
949234652 15531629
775414602 -589236603
68390497 109489197
754141068 973009449
-738806194 442414921
-816729636 814678621
938583175 -78622157
-13977806 -270578507
106978997 -383754778
-369630140 -722416056
481931929 -907515259
-777252454 -861761984
168130877 -849036286
-686553017 178917822
611231117 593450301
579371785 589008470
735849810 95748694
249181343 -696236575
-930301603 642741983
-43562758 372471552
546055016 -436878977
479609454 -667088181
937075348 544205947
-774614382 -726792670
276054890 -326584760
598699314 349504599
875648510 -578933855
-858174902 764499752
246552893 -462400437
-405551232 -758220587
232280738 -204200575
-439576065 91287746
312725247 -65041059
-281981340 746236940
228426460 520239662
434573251 -886250648
698223812 -500758708
57412750 303696645
985667975 497134839
203907609 -605487826
-431342438 212265880
240109670 721221443
677193195 888658875
404621779 855142296
609541646 -225094934
210549245 309147999
448106153 166288403
-632386200 142228555
-429340258 -687019635
592113902 -276695059
872673436 767171919
416806198 -699525909
-569346081 -969092081
947888039 288261883
-361000171 212322799
614239513 573519490
430872892 458002952
-791969696 -881380365
-742026545 -37267835
-597734712 166050793
525465852 -570053849
-105733104 687178219
-726751997 -177704414
553785203 -907306700
-69611678 -874205701
124018618 -904645825
-85256702 -931505342
186868800 550342115
-470592571 -438829658
-2282855 -176845391
-601619706 -762934186
-264130732 918476849
-356384541 -99271129
-680825891 299069769
521365123 862925327
-630710070 -625434819
-557670985 -843807191
360375360 -28442639
925208986 -709023695
-348844248 -671728837
-160409473 -841501325
-263981908 -69051821
-927089254 -236063746
-555589742 -825901264
-349469453 -479394876
771634925 103972162
870871884 -550530146
-950106727 -11914727
123387145 -424742438
-680357811 -982100662
318668427 507273982
-901367053 385761334
765992479 -363108681
936164293 880312534
670677664 -533107100
-868973465 -236759361
-791397714 846464712
57503033 -170151437
-77857834 -926631329
616117532 443497848
-841973397 -434082298
713975738 894819791
795820872 370984801
-169836913 935147825
-200963958 -128832441
-809890425 748541227
-167144908 756154341
667807836 -359898858
111040887 133248098
-690452538 -90809090
-394091793 619632564
-358484430 -646829727
817887152 921653896
689118882 -647764363
-491476406 -844855778
-361421744 769009187
510664177 -345048586
718822855 818497426
-844016610 -864930057
899120206 539144804
913469035 -597754652
601462862 575619132
56005075 411057986
-906814113 -566834804
142692152 730733903
-676776939 -654842657
486345961 -331528129
647956300 660013094
-536777268 -169431508
-834174866 -686298347
-508131919 364717086
-996063249 460515354
-667704943 635608016
177936427 803232187
957907409 648035423
256500060 706182259
-147704609 -246668755
31696913 651148621
-318170881 90772876
-131633137 -958603765
334876915 -678348578
482248310 -814518331
509079865 -979622727
-751313302 -700602109
412541108 4226081
-606499169 564815379
-633478917 -296596706
263235477 -230824315
176971565 280539533
743613249 -726888826
-128236808 -129823623
848948760 -243589945
-995343492 -634510232
-701388175 767354909
686859340 624438247
-333479742 -273837297
-420480871 645003448
-204399925 898993415
-810027786 -138323611
598503997 40421780
-185024712 -980287850
58452242 388398703
-114879626 -264487744
11177106 921065103
-765998839 971292902
-596811538 908101290
-302275155 -136662253
902274835 235685872
-783648259 546681147
-666537182 -889653164
-374180262 -476013329
707320729 425340274
997576963 -103946922
