5000 8000
0 gwyxyd
0 zktllobce
0 wuhiayp
0 vyypgpkas
0 ggvfnzvx
4 1
0 rzcm
5 1
0 fvumbsqo
1 1
0 rrjqfll
3 1
2 1
1 5
14 1
14 1
1 7
8 1
1 10
6 1
2 1
1 9
1 11
1 7
1 7
1 25
1 7
14 1
10 1
28 1
1 29
1 22
22 1
22 1
1 22
1 23
23 1
36 1
1 29
1 34
30 1
1 35
34 1
1 30
1 36
1 26
1 30
41 1
36 1
46 1
32 1
32 1
1 44
53 1
1 43
1 40
1 56
1 46
46 1
1 47
1 60
55 1
56 1
1 49
45 1
49 1
57 1
1 64
1 56
54 1
70 1
53 1
60 1
55 1
66 1
72 1
1 67
1 74
1 70
72 1
78 1
75 1
65 1
1 71
84 1
72 1
1 77
83 1
1 85
1 88
74 1
77 1
73 1
1 88
1 90
1 87
96 1
1 82
91 1
1 86
89 1
92 1
90 1
96 1
101 1
1 104
104 1
1 91
1 96
1 99
1 98
107 1
1 104
100 1
97 1
1 115
1 99
1 111
109 1
114 1
1 107
110 1
1 116
1 114
114 1
1 110
1 124
1 119
1 110
128 1
1 124
1 124
113 1
1 126
1 121
1 116
1 122
1 135
121 1
136 1
136 1
138 1
1 142
1 128
130 1
1 143
145 1
146 1
1 148
1 138
1 132
135 1
1 133
140 1
145 1
146 1
1 138
1 147
152 1
1 156
1 149
1 158
147 1
163 1
151 1
1 157
163 1
154 1
149 1
1 162
1 157
170 1
1 165
1 172
168 1
1 164
162 1
170 1
1 174
1 170
162 1
1 167
169 1
180 1
181 1
177 1
170 1
1 172
1 175
1 179
1 176
1 179
1 179
1 187
1 183
179 1
186 1
196 1
193 1
1 184
2 193
2 185
2 184
201 1
2 204
196 1
194 1
190 1
2 192
208 2
2 202
200 2
203 2
1 208
1 208
210 1
208 1
206 1
1 203
202 1
2 207
206 1
211 2
1 205
205 1
2 209
212 2
2 214
215 1
216 2
229 2
1 215
2 225
224 2
219 2
230 1
219 1
224 1
2 238
233 2
2 229
1 241
1 241
2 243
2 226
1 233
2 240
228 1
231 2
2 241
2 250
2 248
1 249
246 2
1 243
239 2
254 1
2 248
251 2
1 247
245 1
1 251
2 255
1 257
250 1
256 2
259 1
1 251
2 255
269 1
1 269
256 1
2 266
261 2
1 267
271 1
2 262
277 2
269 2
261 1
1 274
2 267
1 268
1 272
1 280
2 275
1 273
2 280
2 274
2 284
1 284
272 2
283 2
280 2
286 2
1 288
277 1
1 294
285 2
299 2
1 287
1 282
3 299
2 302
297 3
293 1
298 1
301 2
300 2
1 294
2 296
1 294
2 301
299 2
1 304
301 1
300 1
2 304
317 3
1 303
2 315
2 321
3 309
1 311
318 1
2 319
3 316
322 1
2 320
1 313
323 1
322 3
324 3
330 2
321 2
3 320
2 324
3 322
2 336
2 324
2 339
339 3
2 340
1 330
335 1
3 326
329 3
1 335
330 3
1 346
346 3
341 2
352 2
2 351
346 2
3 349
344 1
3 357
351 3
3 345
344 3
343 2
356 1
360 3
1 355
2 348
3 355
2 352
1 360
2 354
356 3
355 2
372 2
370 2
355 1
3 370
366 3
369 1
1 360
370 1
369 3
372 2
377 2
364 1
2 368
371 2
2 383
3 382
373 1
380 1
2 388
1 390
3 379
1 386
1 387
383 1
1 380
396 1
2 390
2 395
4 384
4 386
1 398
387 2
403 2
2 391
3 398
394 3
4 392
399 3
409 1
1 392
396 1
402 2
4 405
4 409
406 4
408 4
414 3
408 2
407 1
1 418
403 4
2 412
408 3
412 3
2 425
3 425
4 419
422 3
413 4
3 425
426 4
423 4
1 417
419 1
2 428
2 430
429 1
1 438
427 1
425 2
2 434
436 4
1 431
1 426
446 1
429 1
3 440
2 437
440 2
447 3
440 4
436 2
438 2
454 4
440 2
4 442
2 448
457 2
3 455
445 2
3 448
453 4
1 453
3 454
3 453
449 3
4 463
4 453
470 1
452 1
2 467
472 4
1 462
462 1
461 1
463 3
4 472
2 460
2 474
4 465
4 478
473 3
471 4
476 4
478 3
468 2
479 3
3 478
485 3
474 4
477 2
475 4
489 4
1 493
477 4
484 4
2 490
495 2
497 2
486 1
497 2
2 494
496 2
3 493
2 499
502 4
5 497
494 2
5 503
504 1
3 509
1 511
497 3
5 514
503 5
5 512
3 499
511 5
2 509
4 504
514 3
4 522
1 524
4 515
5 512
5 520
509 1
522 3
1 512
519 5
514 4
1 520
3 523
518 3
1 522
535 5
528 2
4 530
522 4
530 4
2 535
4 530
3 529
5 530
4 545
544 2
4 544
542 2
4 531
1 549
5 536
5 542
538 1
544 2
537 5
550 5
541 2
545 5
1 548
1 559
547 3
555 2
4 546
5 555
2 558
552 1
5 565
558 5
5 561
569 5
1 560
4 563
573 1
2 573
4 562
575 1
5 562
3 560
570 1
562 2
581 4
1 569
567 2
582 4
568 5
1 579
3 570
3 589
572 3
579 2
589 4
4 576
592 4
1 591
593 3
581 3
3 580
590 3
586 1
6 583
2 586
6 593
602 3
593 1
596 6
3 599
606 5
5 591
598 1
592 4
607 3
607 1
613 1
5 615
601 3
617 5
6 608
618 2
606 1
3 616
618 1
5 609
4 617
3 617
614 6
4 611
618 3
620 1
616 2
4 630
613 2
3 631
3 622
3 635
617 2
625 1
3 621
2 622
632 3
629 2
635 6
624 2
2 631
642 2
638 2
639 4
637 3
3 636
5 645
4 649
6 635
642 5
654 4
649 1
645 5
3 641
650 5
6 640
646 3
658 2
6 651
6 644
658 1
647 4
6 661
3 657
5 667
6 655
6 658
670 1
2 655
1 655
2 658
2 669
3 661
658 2
3 668
5 665
676 3
4 681
677 5
680 6
3 673
2 675
679 4
2 675
673 4
5 671
690 3
2 688
6 689
1 678
679 3
3 688
4 680
3 686
695 5
4 690
685 2
691 1
1 688
694 2
704 4
700 2
696 7
690 4
2 705
706 4
1 697
2 706
697 4
6 709
703 7
697 4
703 7
712 2
716 1
711 3
711 6
710 3
722 7
713 2
720 1
707 5
4 711
722 4
718 7
723 6
720 2
724 6
713 2
716 5
733 4
733 6
721 7
4 721
5 721
5 727
733 2
722 4
5 740
2 735
740 4
3 743
729 1
1 729
730 7
3 743
745 1
742 6
739 5
7 738
743 1
4 749
5 756
739 7
6 751
5 743
7 758
746 6
753 1
752 4
1 761
4 747
3 766
7 759
5 754
769 6
767 4
3 766
767 6
2 770
769 7
1 764
766 2
3 777
6 764
2 776
3 765
776 3
768 7
3 773
1 768
6 772
1 785
774 3
780 4
2 784
6 780
783 6
780 2
789 3
5 786
788 2
787 6
783 4
2 790
2 794
789 7
797 6
7 800
7 791
4 787
795 7
803 8
2 795
789 7
798 6
4 799
5 806
811 3
4 812
813 5
6 809
810 8
811 8
801 2
808 3
808 3
809 2
813 3
4 811
807 6
8 811
822 2
4 811
4 825
822 1
8 828
4 814
831 5
832 7
827 3
835 6
5 820
829 3
836 1
829 2
8 825
831 8
841 7
837 3
836 7
5 830
5 829
840 6
6 833
7 840
6 847
1 833
8 850
1 841
837 4
846 5
2 840
850 5
5 857
849 4
859 4
848 2
859 8
4 848
864 5
3 864
6 856
1 867
3 866
3 855
5 860
856 1
866 4
862 7
8 874
869 3
866 7
876 6
8 863
8 877
877 2
874 7
865 6
880 8
3 869
5 875
2 869
868 3
886 6
5 873
877 7
6 887
8 884
7 888
4 883
889 3
883 6
894 2
6 881
884 3
3 886
9 882
8 898
9 889
895 2
891 4
888 2
905 3
903 7
891 6
2 895
894 3
5 899
4 905
8 900
1 910
901 6
2 903
7 901
4 900
5 901
4 905
909 3
914 7
2 909
1 918
916 3
9 915
917 9
923 7
5 918
922 5
927 5
918 9
929 6
924 1
3 920
923 6
3 935
6 932
8 931
3 922
9 925
4 937
943 3
7 931
945 4
1 939
7 944
938 7
7 944
940 6
947 5
5 949
945 6
1 950
5 938
5 939
952 1
946 4
2 960
8 954
3 962
8 951
5 946
9 950
949 1
951 4
5 961
5 952
9 960
960 3
972 3
8 958
962 7
966 9
4 972
6 959
977 2
969 6
2 965
2 979
965 4
2 973
2 974
4 975
3 971
987 8
972 8
5 974
979 4
974 7
6 992
3 982
9 975
4 977
993 5
8 996
994 7
984 4
9 993
985 8
992 1
999 4
999 10
997 2
8 996
4 1002
2 990
996 4
994 5
1000 5
1000 1
4 1007
4 1006
1014 8
1006 4
8 1000
999 9
1016 5
1020 2
1002 4
5 1007
7 1020
1015 6
1011 3
1018 10
1018 8
9 1015
1016 8
3 1011
1013 4
1014 1
6 1024
5 1024
9 1016
3 1023
1034 7
1035 2
2 1020
2 1033
3 1039
1029 2
3 1024
1037 3
8 1027
4 1027
5 1037
1042 7
1036 1
8 1037
10 1051
1034 4
4 1045
1049 7
1055 2
1040 3
4 1041
10 1058
7 1044
1 1048
4 1055
4 1050
3 1054
1060 9
1050 7
8 1057
3 1062
1056 1
1060 3
1060 6
1059 6
1067 7
7 1054
3 1073
1063 5
7 1061
1058 5
7 1068
3 1074
1067 10
7 1068
2 1075
1080 10
2 1071
1081 7
1078 10
1081 9
7 1086
4 1079
6 1086
1076 5
1089 7
1085 5
1089 1
8 1088
1093 9
9 1085
9 1088
1089 10
10 1093
1084 2
7 1102
1 1098
9 1096
1097 11
7 1099
1100 3
9 1095
1096 2
11 1092
6 1106
1111 5
1103 4
1101 1
7 1115
7 1115
1101 10
1107 8
2 1115
1104 5
9 1121
1108 10
1123 11
10 1120
1120 1
11 1126
1119 4
4 1125
6 1127
1121 2
1129 1
5 1118
9 1116
1118 1
1121 1
1127 8
1122 4
1135 1
1122 3
1127 3
9 1125
2 1127
2 1128
10 1132
4 1143
6 1129
7 1136
8 1141
4 1143
1145 5
10 1143
1151 2
1138 2
5 1154
9 1142
1147 10
7 1145
1147 1
1159 4
4 1152
1158 3
9 1161
1151 3
6 1158
1152 3
7 1150
1153 3
8 1152
1153 10
1166 1
11 1171
1 1169
9 1162
1161 10
1174 4
1157 2
1170 3
1 1176
1173 3
3 1174
11 1167
1163 8
1175 10
8 1165
7 1180
1181 11
9 1171
6 1179
1183 11
9 1187
1178 4
1173 1
1175 5
1189 2
4 1182
4 1194
1179 3
4 1194
1196 8
10 1183
1182 9
2 1197
1195 10
7 1194
7 1197
4 1199
1201 11
1202 7
1200 2
1196 5
1197 5
1211 5
1195 7
1205 3
5 1209
1216 4
1203 1
11 1205
1206 8
5 1216
1210 6
1210 1
1216 1
6 1206
1217 11
2 1208
1227 8
1212 10
1214 9
1227 5
3 1223
1215 7
1 1220
10 1234
1219 2
1229 5
10 1227
10 1235
1238 5
1222 1
1 1237
5 1241
1240 4
5 1229
3 1231
1233 7
9 1244
2 1248
2 1248
1240 7
1245 11
1236 2
3 1240
4 1245
2 1253
9 1238
1255 12
2 1252
7 1247
1256 8
3 1257
1246 4
1244 5
1252 1
1261 7
1257 10
6 1260
1265 12
1256 8
3 1261
1 1264
2 1257
1261 9
1274 2
8 1273
10 1270
2 1261
1261 4
1264 9
1264 10
1280 11
9 1281
1270 12
2 1265
8 1284
6 1277
2 1274
11 1288
1282 5
10 1280
9 1283
1283 5
1285 3
1283 2
1281 6
1281 4
8 1297
1 1295
8 1281
5 1288
13 1282
1286 3
13 1300
5 1287
7 1295
9 1302
1 1289
1308 2
2 1302
1300 8
11 1300
1301 9
1306 2
1307 9
6 1305
4 1314
5 1312
1301 8
11 1313
10 1301
5 1321
1308 6
1305 2
4 1305
7 1325
1309 2
1317 9
1316 6
12 1323
1 1316
1314 3
2 1326
12 1331
1333 11
8 1317
1333 4
1337 11
13 1333
13 1334
1323 7
5 1340
13 1332
1338 3
1343 3
7 1332
3 1327
5 1333
13 1338
1335 2
7 1341
1341 5
2 1334
1347 12
4 1338
1348 1
1346 6
4 1349
1343 10
1340 10
1346 2
1356 13
1347 13
3 1362
1346 8
1362 3
12 1362
1358 10
7 1358
1 1354
1358 9
1353 5
5 1353
1355 7
1372 4
10 1371
1368 1
1361 8
2 1367
7 1373
1362 10
1 1364
4 1368
1376 2
1372 9
1369 10
1380 12
1387 10
1382 6
13 1378
2 1388
1372 1
1377 6
1391 4
5 1387
8 1394
1384 3
9 1387
1393 7
4 1381
5 1395
14 1389
1384 2
1393 4
12 1394
13 1396
1397 7
9 1404
4 1402
11 1405
9 1400
1393 6
1395 3
11 1398
12 1406
9 1415
1403 7
1403 2
8 1408
1415 7
1406 2
9 1413
3 1407
1418 11
1416 5
4 1414
1416 14
3 1422
4 1421
1412 8
7 1425
1420 12
7 1429
1428 1
1421 3
1419 14
1430 8
3 1433
2 1429
1423 11
1429 11
1432 6
8 1425
1435 8
14 1431
1444 10
2 1432
14 1440
1433 10
1435 13
2 1440
6 1447
1444 2
12 1443
6 1444
10 1448
1453 4
4 1442
1446 9
1450 11
12 1452
1447 9
12 1452
1446 7
8 1446
7 1462
1452 9
1465 14
13 1455
1460 4
1458 9
2 1454
7 1471
1464 9
12 1464
10 1475
7 1467
10 1477
6 1460
1461 11
9 1474
2 1481
1466 13
1481 12
1474 1
13 1467
1480 3
7 1479
1481 13
13 1482
10 1475
5 1473
9 1484
1479 10
1485 10
1481 7
14 1490
12 1485
5 1488
1487 12
1492 11
8 1488
7 1499
1490 10
14 1485
1486 7
14 1502
1491 9
1503 13
1496 6
1505 10
9 1507
13 1499
10 1494
6 1502
1506 9
5 1509
1499 2
1514 7
1502 8
11 1507
1503 4
9 1511
1512 2
7 1513
1520 3
8 1521
1517 9
11 1514
13 1527
14 1521
1512 13
1520 9
8 1526
6 1520
1531 7
3 1524
1536 6
2 1520
6 1528
1537 1
6 1525
1528 6
1532 13
1539 9
15 1543
1541 13
1 1546
5 1547
1 1544
7 1539
13 1544
14 1534
11 1534
11 1535
2 1544
1546 3
8 1551
1540 4
15 1541
4 1550
10 1543
11 1549
1545 1
1556 5
1549 13
12 1556
3 1556
9 1551
12 1553
5 1567
13 1568
13 1571
1561 14
13 1565
1563 11
1571 11
6 1576
1564 1
1575 13
14 1570
1581 14
5 1567
1565 14
1584 4
1572 4
14 1584
1573 7
11 1581
1575 3
8 1587
1580 6
1591 14
1580 6
15 1580
1586 9
13 1592
1582 3
1590 1
1580 8
1581 7
1 1586
1584 1
1592 7
1593 2
1600 3
16 1597
10 1597
1 1591
1604 13
1597 13
6 1599
1608 1
15 1598
1596 16
1603 12
1611 5
7 1603
14 1613
1615 14
6 1604
5 1613
1619 4
15 1623
1619 9
1613 1
5 1607
1621 8
1617 7
1 1624
11 1621
1622 15
10 1627
2 1618
1623 5
1626 14
15 1626
1636 6
1637 13
12 1628
12 1636
1631 12
1641 14
1634 14
1626 8
15 1642
11 1630
14 1641
1639 7
7 1642
1 1635
2 1636
1652 7
4 1651
1653 2
16 1644
1653 14
1655 16
1646 7
1657 3
10 1653
14 1660
1661 1
16 1647
1655 10
8 1659
6 1666
1653 5
1663 13
3 1658
1665 7
14 1663
1664 4
1668 5
14 1655
1658 14
11 1676
14 1672
1664 11
1677 8
7 1676
7 1679
12 1669
9 1670
1666 13
2 1683
9 1670
1675 3
7 1684
8 1680
13 1689
5 1672
3 1687
13 1674
1683 9
1682 10
2 1683
1679 15
9 1683
10 1691
17 1692
11 1696
14 1686
1695 14
3 1694
1688 11
6 1689
1702 2
1691 1
4 1692
2 1701
1701 5
1705 10
10 1694
15 1712
7 1715
9 1715
17 1699
1699 4
1719 4
10 1718
13 1710
1711 6
1719 5
4 1710
1710 3
1719 14
1716 14
1710 8
1717 4
1715 7
1719 12
9 1729
1733 6
9 1719
2 1717
1719 16
15 1730
1 1722
1723 3
13 1740
5 1731
8 1738
1730 16
2 1742
1727 14
1740 16
2 1743
1748 9
1742 16
17 1735
13 1741
13 1743
1743 1
1752 6
10 1739
17 1737
1756 2
1741 2
1744 1
8 1754
8 1752
15 1759
1757 11
6 1747
1752 5
15 1751
1751 6
1760 14
17 1754
1761 6
14 1758
14 1764
12 1772
1767 6
17 1772
1767 8
1769 3
1770 7
1764 6
15 1762
1764 5
1781 17
6 1767
12 1769
14 1767
1 1770
1770 11
9 1771
5 1779
9 1785
1785 10
8 1779
14 1777
1794 3
1792 3
10 1779
1780 2
10 1797
1789 15
15 1792
7 1790
1801 16
1790 17
15 1790
12 1786
4 1800
1804 13
3 1791
1790 6
9 1803
1801 10
1806 2
1810 5
1810 3
1806 15
10 1803
1810 4
16 1800
1805 3
12 1807
6 1819
12 1809
4 1816
1819 8
3 1810
1821 12
1818 14
7 1813
4 1821
1821 15
12 1813
1827 14
5 1825
1832 10
3 1827
1826 1
11 1837
1835 15
16 1832
5 1824
1825 11
1833 7
12 1843
11 1833
1844 5
1836 7
1844 15
1840 5
7 1841
1843 1
1837 3
1850 2
8 1851
6 1851
1 1851
1839 10
1852 2
1848 17
1847 16
9 1860
6 1848
1 1846
2 1850
1846 14
1849 3
1861 11
1865 3
1867 12
1867 15
1856 2
1862 18
17 1861
1 1864
1869 10
18 1864
1860 8
1870 8
1869 18
9 1875
1863 7
1877 14
1877 14
1872 9
1869 12
1868 15
1873 17
2 1877
1872 9
1872 3
12 1882
4 1880
1876 15
1889 9
1891 17
8 1888
1893 15
6 1892
3 1884
1882 14
1890 16
1892 19
1 1898
14 1899
8 1901
13 1888
10 1902
4 1897
16 1899
1895 11
1896 6
16 1905
1905 12
19 1894
1 1898
14 1910
19 1900
1909 14
1915 8
1904 3
9 1906
1909 2
19 1905
1 1904
17 1908
2 1923
4 1922
1915 3
1911 8
1921 2
1929 6
11 1914
17 1928
11 1918
6 1930
1928 14
17 1933
1921 11
17 1932
9 1925
15 1928
12 1938
18 1923
18 1942
16 1938
1931 13
1944 19
1947 13
1936 10
1947 4
8 1932
1943 14
11 1952
1947 6
1945 10
15 1947
7 1954
1941 3
16 1956
1956 13
1942 18
17 1953
1962 10
9 1960
1951 12
1954 8
1951 18
9 1957
1961 16
1967 8
1967 4
1961 16
1953 18
1959 13
19 1967
1 1969
1963 6
7 1977
1960 1
1971 8
1980 11
15 1980
1973 10
1969 1
12 1967
14 1984
1977 5
7 1986
3 1981
1989 2
1989 9
1977 15
13 1977
1 1976
6 1981
13 1988
1981 17
1993 13
1982 2
1985 18
1990 16
1 1997
1984 14
1990 18
11 1995
1 1991
12 1993
2000 1
10 2002
19 2000
9 1992
2000 11
1994 15
2 2005
2008 5
2004 14
3 2015
2001 11
2017 1
2012 6
2016 19
2005 15
19 2006
2017 15
2013 15
8 2015
2007 4
2010 14
20 2017
13 2024
15 2014
2018 4
14 2031
19 2019
2024 16
1 2019
2030 18
6 2036
6 2032
2036 8
2039 11
2034 19
2041 20
2032 10
2040 3
2031 8
2028 18
19 2030
15 2035
14 2048
2044 2
7 2035
18 2047
2049 16
2054 9
2046 6
17 2044
9 2040
2053 20
5 2057
7 2049
18 2056
12 2060
2057 8
8 2045
5 2060
2059 2
19 2060
1 2053
16 2053
5 2070
2066 6
2064 14
12 2073
2070 19
12 2057
2061 2
17 2076
6 2062
10 2075
20 2073
4 2064
2079 10
1 2076
2065 4
2066 3
2069 9
11 2076
16 2074
2075 7
6 2076
15 2084
6 2087
2 2092
2078 20
10 2094
20 2079
2096 7
2097 8
2090 10
8 2086
16 2085
21 2101
20 2086
1 2100
3 2096
3 2102
18 2101
2095 20
12 2099
2105 5
12 2096
6 2098
2094 12
2104 21
2098 5
3 2098
2108 7
2099 1
18 2106
8 2117
20 2104
2 2111
2112 20
2117 18
1 2111
2117 3
3 2114
2121 7
5 2115
1 2115
2131 14
12 2130
3 2125
4 2128
17 2132
20 2128
2128 6
16 2130
9 2124
17 2134
2 2138
2138 12
2137 7
21 2128
2127 1
1 2141
2132 21
1 2139
2149 6
2140 15
17 2133
2133 8
2148 18
2153 18
2143 21
15 2139
2152 14
2152 13
5 2149
2150 13
14 2146
21 2161
7 2159
2 2148
12 2158
2156 15
16 2156
6 2164
20 2166
14 2157
1 2167
2171 10
2156 4
2169 21
12 2158
5 2158
2174 10
15 2162
16 2166
2166 16
2164 20
18 2180
2181 3
2169 8
2184 4
8 2176
2182 21
16 2177
2176 18
9 2183
2180 4
11 2187
2183 2
2183 8
2188 2
2190 2
4 2184
2191 20
2186 16
10 2189
2191 12
2191 1
18 2192
21 2187
12 2202
20 2189
4 2189
8 2189
13 2207
13 2193
2205 16
2209 7
2208 1
8 2214
3 2209
13 2206
2 2202
16 2200
2203 14
1 2207
2220 6
5 2222
5 2218
2210 10
2219 12
2225 21
2210 19
2226 15
10 2229
4 2215
2222 13
2219 7
9 2217
8 2227
2235 9
10 2228
15 2221
2227 10
2221 14
2234 18
2228 18
2240 21
2227 20
2235 12
18 2243
21 2237
1 2237
20 2229
7 2249
2 2231
11 2247
2250 19
2244 12
2250 2
2 2246
2240 19
2251 11
17 2241
2256 20
2246 10
9 2242
2245 19
8 2248
6 2263
22 2255
2260 19
2265 15
13 2260
2268 18
2268 1
2257 4
9 2271
2262 13
3 2273
17 2264
11 2274
2274 14
15 2262
2274 1
2265 21
2275 13
2278 2
2 2266
12 2272
2278 21
7 2278
2280 2
2271 21
5 2277
2276 19
2274 11
13 2279
15 2289
20 2280
2283 13
2277 15
18 2291
14 2298
2296 10
10 2282
2295 8
17 2300
8 2302
2285 1
14 2302
18 2301
12 2304
19 2294
2297 10
2298 15
2308 9
2305 5
18 2304
2314 22
2300 10
9 2300
10 2317
2317 19
2319 2
2307 13
12 2318
2316 20
2320 2
17 2310
2310 10
1 2311
2314 12
20 2317
2315 23
2330 15
2 2328
2314 4
12 2322
12 2322
2 2326
2331 19
2336 14
8 2325
3 2334
10 2331
3 2327
2324 19
2 2343
2326 17
2339 13
2344 1
2337 9
15 2340
11 2330
3 2335
14 2337
4 2335
3 2340
4 2349
2341 16
9 2347
19 2357
21 2347
2359 13
2354 11
22 2355
2350 20
2345 17
10 2354
12 2363
18 2361
2356 10
2363 4
2362 15
18 2363
2359 4
2370 22
1 2361
2365 12
3 2366
2364 16
21 2372
2375 13
14 2370
9 2379
2371 12
2379 22
2366 7
11 2372
2374 23
12 2382
2382 1
2379 18
2382 12
2387 18
18 2379
2389 9
2379 20
8 2394
2392 2
18 2379
4 2397
2388 5
2387 15
2394 8
16 2401
16 2390
2392 9
11 2401
12 2403
22 2396
12 2403
13 2392
24 2407
2393 5
2406 22
2405 19
2 2408
2403 19
12 2405
16 2415
2413 2
2 2407
7 2408
3 2405
2405 14
19 2405
2416 16
8 2418
2417 21
2410 19
18 2426
14 2409
10 2419
20 2429
21 2413
2432 19
2425 17
2425 4
2426 24
2417 4
2429 7
1 2433
23 2436
6 2432
2430 9
2438 9
15 2442
2426 9
2426 20
2433 11
17 2439
24 2438
21 2449
2437 5
2446 24
13 2440
9 2452
21 2445
2449 4
2439 9
2450 19
21 2452
21 2447
24 2453
12 2450
17 2455
22 2458
2461 15
17 2454
2456 21
22 2458
2463 20
2462 14
9 2460
1 2456
16 2470
2 2471
4 2461
2465 3
9 2475
21 2461
2474 1
19 2469
24 2464
17 2479
19 2470
2476 19
20 2474
2466 3
2483 9
7 2475
2484 20
2480 15
2472 17
19 2486
2487 5
5 2485
22 2483
21 2490
3 2495
23 2489
2485 17
17 2493
2492 20
2495 15
2497 15
2487 3
2490 3
11 2486
2490 23
2505 4
2500 11
21 2495
4 2501
2506 10
2494 21
20 2509
2505 4
2512 9
7 2508
2507 19
12 2509
2509 19
2510 2
17 2504
18 2510
2520 11
3 2511
6 2524
2507 4
2523 14
2524 19
2526 16
21 2518
2526 25
5 2517
2526 3
2527 9
2532 17
18 2523
8 2521
2536 16
15 2539
2532 13
2523 25
2533 4
10 2535
2 2537
6 2534
12 2542
20 2528
2537 21
2546 5
16 2538
2535 24
2538 15
2535 13
10 2553
2552 3
2 2545
16 2554
17 2556
2559 16
22 2553
23 2546
2545 16
2554 3
2555 12
22 2550
2558 4
2557 4
2552 15
24 2564
2561 13
2553 10
2556 1
2571 24
2569 17
2570 7
2 2565
22 2575
13 2574
21 2564
8 2568
16 2572
2 2567
2570 23
2575 16
2 2584
21 2577
22 2586
2569 7
2573 2
2578 2
2589 2
11 2582
2586 11
8 2576
18 2579
15 2584
2591 6
2580 2
3 2583
2600 10
4 2588
2598 26
4 2598
20 2599
18 2588
6 2606
3 2607
18 2604
2597 7
1 2594
2598 17
25 2608
2598 19
26 2602
5 2599
23 2606
12 2613
2600 16
2601 12
2614 18
25 2615
15 2609
2614 1
22 2614
2607 26
2 2621
2626 9
1 2624
17 2626
15 2622
15 2612
2 2621
1 2618
4 2631
2633 18
15 2622
14 2629
9 2626
2622 19
2631 6
2625 11
2639 1
15 2636
2638 2
2630 20
14 2642
12 2642
2639 15
2635 16
12 2649
22 2650
20 2642
2636 8
2640 19
2645 13
8 2650
5 2649
10 2640
2642 8
2 2660
22 2644
17 2645
15 2650
2654 26
23 2655
2647 1
25 2666
9 2649
9 2666
2663 20
2655 2
3 2664
2669 12
21 2656
7 2659
2657 12
15 2659
2674 25
19 2676
14 2680
20 2669
21 2671
2678 17
2682 9
2681 5
2671 16
1 2677
2684 4
12 2685
11 2689
2687 9
2683 6
15 2682
2687 2
2691 12
4 2696
6 2696
13 2684
22 2694
20 2687
4 2700
1 2690
14 2688
2697 25
2699 12
2700 9
2700 8
1 2689
22 2692
2704 25
2700 8
2707 10
9 2704
5 2705
18 2697
2715 1
2 2698
2711 27
2710 20
26 2710
14 2711
5 2714
4 2705
3 2719
15 2712
16 2722
2726 20
2728 24
2726 6
3 2724
2723 5
23 2721
2721 1
2720 16
23 2727
2728 9
2737 6
2722 10
2732 25
2739 3
2736 5
3 2732
2733 24
3 2733
2728 17
2744 3
24 2736
2743 21
6 2737
18 2747
16 2751
2750 6
2749 10
9 2751
15 2753
7 2748
2755 18
2753 11
17 2746
7 2758
2754 27
8 2762
2746 18
1 2746
2747 13
2753 23
15 2762
2752 19
2766 12
2764 16
22 2756
25 2771
2755 15
24 2759
3 2760
27 2766
2772 25
2767 24
7 2777
24 2778
9 2765
2779 12
10 2771
2775 26
2774 7
2781 8
11 2786
2777 22
2789 26
15 2779
6 2774
2780 6
3 2792
8 2778
3 2786
19 2794
2786 6
10 2779
2791 14
4 2786
2798 1
2797 15
2803 12
21 2799
23 2792
2797 13
25 2788
5 2805
19 2793
2792 2
2799 25
6 2793
21 2805
3 2798
14 2802
26 2811
2810 6
2801 27
2800 28
7 2809
2821 22
21 2803
2822 7
2805 27
13 2813
27 2813
27 2822
11 2820
2811 4
2816 27
2 2818
2818 18
2815 20
10 2825
2826 8
2827 7
2823 8
2820 3
22 2834
12 2839
10 2835
3 2835
2838 23
2840 18
2832 19
13 2827
7 2831
2835 13
15 2839
2839 13
15 2838
2851 2
2839 17
10 2840
17 2837
5 2837
2846 14
2852 19
2844 8
2856 16
2854 5
2845 18
2862 25
11 2859
2864 28
14 2853
2860 25
2856 19
2853 14
19 2867
10 2866
2872 2
2872 21
18 2866
2868 23
2864 10
2877 4
20 2873
2868 13
21 2871
28 2881
2881 16
2874 19
2876 27
2867 22
13 2880
15 2875
28 2881
2879 25
2888 20
11 2874
2874 18
2891 28
21 2875
2894 14
2884 19
2880 26
24 2893
2882 20
2897 13
12 2895
2886 18
2900 18
28 2899
16 2903
4 2902
2899 17
10 2889
2893 12
2901 26
2 2892
2912 9
12 2902
2902 27
5 2909
2900 12
5 2916
14 2915
18 2909
2914 10
13 2903
10 2912
2904 21
2922 21
2911 1
2909 2
2926 22
2922 11
21 2915
2930 29
24 2912
18 2913
2926 26
17 2920
29 2930
2922 23
2935 13
2925 1
2938 15
16 2940
16 2923
2939 20
2941 7
23 2937
1 2941
2946 18
2929 25
21 2931
6 2932
15 2933
2950 13
23 2944
2934 9
2940 15
2952 19
2947 28
2951 27
9 2953
10 2946
6 2950
2953 18
9 2960
2959 4
2 2962
27 2955
17 2965
6 2948
2953 4
2953 28
4 2953
2960 12
2959 20
4 2955
2969 11
16 2958
2970 18
21 2961
2970 21
24 2979
2966 23
2971 2
19 2979
2974 18
11 2969
21 2983
2973 18
2977 19
2978 17
5 2979
2981 22
22 2975
8 2987
6 2977
2 2993
2983 28
6 2978
2979 16
2994 21
22 2981
12 2996
2 2994
2999 26
18 2991
2992 8
4 2990
3006 26
2 3003
24 2989
2999 13
1 3001
3008 6
3011 2
2994 7
3006 14
2999 19
5 3012
14 2998
3010 8
15 3006
3020 10
3009 25
27 3003
3019 29
4 3018
3022 8
28 3020
28 3016
29 3025
15 3019
14 3012
3023 13
12 3013
6 3030
22 3015
3027 6
27 3026
24 3026
3035 8
3027 10
9 3040
1 3031
3039 27
19 3034
3037 20
3032 29
3044 26
11 3043
20 3037
3036 28
3047 1
3034 3
3 3049
3038 1
1 3039
3045 1
8 3041
3051 25
11 3056
3053 2
3047 16
11 3061
3051 28
29 3060
3058 2
3060 18
3053 22
3063 19
3062 22
4 3051
23 3066
5 3056
1 3062
3065 19
3069 7
9 3074
3057 15
23 3061
27 3072
14 3075
3074 30
3075 6
3073 1
7 3073
2 3074
3076 9
12 3081
3084 14
11 3075
8 3087
3079 14
26 3080
3080 27
28 3085
3079 5
25 3092
3085 3
16 3078
3091 28
3084 10
14 3095
3091 28
3101 1
26 3096
1 3092
3100 22
9 3099
3105 13
11 3099
3095 26
24 3092
3094 1
17 3112
2 3107
28 3110
17 3115
3098 25
19 3115
3101 16
3103 8
17 3106
31 3114
3 3117
3123 7
23 3118
3119 31
3110 26
3118 19
20 3115
31 3117
3122 30
3125 26
2 3118
20 3120
8 3128
3118 11
3125 15
3133 19
15 3126
3128 20
23 3124
30 3124
9 3137
3126 4
21 3125
3138 20
3140 18
13 3138
3129 27
25 3148
3135 29
3142 13
28 3142
14 3139
9 3136
3143 9
18 3138
29 3150
3157 18
3143 17
30 3143
3147 6
3145 13
7 3153
3151 11
3 3153
3153 24
25 3166
3168 10
4 3162
18 3162
3168 21
21 3170
3173 27
7 3160
25 3166
30 3166
3165 15
15 3164
27 3173
3173 5
3169 25
9 3181
27 3181
14 3166
3184 26
3183 19
3179 3
2 3186
11 3174
3184 18
3180 29
3192 18
18 3191
5 3184
3181 24
3186 29
15 3181
3187 12
3186 3
21 3191
3197 6
27 3187
3193 14
30 3203
3 3201
3191 22
3195 20
3194 28
26 3199
4 3206
17 3194
16 3208
3212 23
3199 27
3205 26
11 3207
3202 12
23 3200
3213 23
22 3206
3203 29
3210 12
3208 17
11 3220
3211 2
3215 7
3227 21
3210 5
9 3220
3217 9
7 3226
3227 1
19 3219
31 3224
3221 18
3226 15
15 3220
3236 31
3224 19
7 3225
3 3224
3223 2
3229 14
3238 21
9 3236
32 3246
3247 1
1 3230
3240 15
10 3245
3246 15
21 3235
3237 28
3241 26
3255 2
3247 2
3246 7
3257 8
26 3242
3257 31
3256 30
3247 19
3254 23
3256 4
3253 2
3256 3
2 3251
3263 7
3257 23
3261 26
30 3263
3254 32
3260 32
9 3260
3267 15
16 3258
3274 5
14 3264
3272 13
3263 27
3271 18
3282 24
3264 11
3273 30
14 3276
3278 22
15 3280
3280 9
23 3277
12 3285
3290 30
3288 1
3288 21
3290 29
32 3286
16 3277
14 3285
3283 4
3299 31
31 3290
22 3297
26 3293
3289 23
7 3290
3305 15
19 3293
6 3306
3290 16
3300 11
7 3292
15 3302
6 3306
33 3309
4 3308
3314 18
32 3302
3305 1
7 3310
11 3317
3314 9
14 3317
23 3313
3310 5
16 3321
3317 31
3317 28
18 3318
3327 15
3322 24
3317 6
3322 8
26 3328
3332 8
15 3319
3326 6
24 3328
3327 7
3319 2
5 3322
3335 20
3335 28
3327 6
6 3337
3329 10
29 3335
3343 19
3339 3
3331 26
3349 5
12 3338
33 3349
3339 28
18 3347
32 3339
3351 24
3340 24
27 3342
3346 2
3342 22
3355 12
3349 33
3354 17
3348 2
32 3354
3364 15
3353 1
29 3352
3358 8
3353 27
33 3352
18 3352
3361 10
18 3357
20 3360
3374 29
3363 10
26 3365
3368 1
3379 6
3377 27
3366 2
33 3368
26 3368
3371 15
29 3367
3378 22
14 3379
33 3372
23 3376
3388 28
4 3381
15 3388
3389 4
3379 13
3377 12
4 3390
22 3382
1 3379
3383 5
3384 3
3398 23
13 3399
31 3388
3395 3
3386 28
6 3390
24 3389
3395 14
11 3399
33 3401
25 3403
3399 21
3413 11
3406 26
3402 19
3407 17
3405 20
3412 2
21 3419
34 3411
24 3410
3414 19
34 3414
3423 32
3415 33
4 3426
3417 21
3424 14
3413 33
11 3428
3417 11
3432 21
14 3417
14 3425
7 3435
3432 1
19 3435
3423 24
3422 28
23 3433
3426 7
6 3424
3435 30
15 3436
3428 19
3444 16
8 3434
3442 3
3442 22
3438 26
3441 27
3433 23
27 3437
3454 31
3439 1
17 3452
3443 20
3454 34
3457 12
18 3444
3458 29
20 3444
28 3451
3446 29
14 3451
3458 25
19 3454
25 3468
3453 17
3466 11
34 3454
3463 9
3464 5
3465 6
3471 31
3472 23
5 3466
3459 27
3476 16
3477 8
3474 29
3479 28
3474 27
21 3475
3471 34
34 3471
34 3483
3480 13
12 3478
28 3477
3488 34
3482 2
3482 10
3490 7
23 3480
25 3492
11 3480
3481 11
3493 26
12 3486
31 3492
3490 30
3497 25
12 3492
14 3499
3493 5
25 3500
16 3504
35 3496
3497 33
3498 13
3508 1
3505 17
9 3501
4 3501
33 3502
22 3512
35 3511
3505 26
19 3502
3508 32
3514 17
3521 30
3508 19
3524 27
3511 30
3526 19
7 3521
3524 1
3512 5
3530 1
3521 22
30 3526
24 3530
3518 2
19 3522
33 3527
26 3527
3528 22
1 3531
5 3530
3539 35
3530 29
3537 33
3541 35
7 3529
9 3541
31 3542
3532 6
3537 17
12 3545
31 3542
3541 14
2 3549
23 3555
3544 26
23 3542
2 3555
25 3555
3558 6
18 3554
3550 25
3561 33
17 3551
30 3552
5 3552
12 3548
3554 4
29 3550
12 3556
9 3555
23 3565
3571 12
3573 8
3575 32
3559 7
26 3562
19 3565
3561 18
3579 29
20 3570
21 3563
3574 12
3574 18
1 3572
3583 16
6 3569
3574 10
15 3577
34 3586
3580 11
7 3585
33 3589
34 3583
3584 8
3577 20
3579 35
3592 6
3 3584
3587 4
32 3586
3587 31
31 3602
31 3591
4 3601
28 3592
3592 36
2 3606
3592 25
28 3609
3602 11
3598 29
3596 17
6 3611
3597 2
6 3607
36 3613
3606 19
3612 32
3616 36
13 3604
14 3618
3608 4
3615 10
6 3617
3622 35
3614 22
3613 31
3628 14
26 3625
27 3627
30 3623
3633 27
3619 36
9 3621
3626 28
17 3619
3634 1
18 3638
16 3625
36 3636
20 3638
3624 36
19 3633
2 3645
3629 29
3643 12
9 3648
5 3642
3649 34
2 3649
27 3651
31 3652
3652 20
3655 36
16 3638
17 3643
3655 34
5 3651
35 3649
26 3648
3653 26
3653 11
3647 29
27 3660
3661 26
26 3661
3664 23
9 3662
3669 19
3663 28
25 3660
3669 36
3666 18
3660 28
7 3664
3659 33
3662 30
3665 11
29 3664
3662 10
2 3663
30 3665
16 3671
29 3677
24 3668
3678 28
3671 12
13 3682
23 3689
23 3687
17 3682
3682 22
35 3684
10 3688
3685 10
3678 16
3 3691
7 3698
3700 1
18 3692
33 3693
3702 23
3696 26
12 3694
3690 15
3706 17
3693 22
3694 28
3700 33
5 3693
17 3708
7 3696
3711 11
3697 5
3712 6
3717 10
3715 2
3 3710
3701 36
3702 35
2 3706
3718 7
13 3706
3718 4
3716 30
3715 27
3723 36
9 3715
11 3726
3 3714
3719 11
3729 2
26 3730
1 3721
33 3721
17 3729
3737 1
35 3720
6 3729
3738 2
19 3733
3741 37
3729 2
36 3743
3733 25
36 3740
3746 6
36 3748
6 3740
3750 37
3 3750
3737 1
3742 36
21 3753
3752 9
37 3757
3752 30
3743 37
3742 13
3751 11
3743 21
3748 4
36 3746
30 3748
16 3750
24 3760
3755 29
23 3754
19 3762
27 3760
3761 6
5 3763
21 3764
3756 26
3774 9
3761 11
28 3765
3774 1
7 3773
3779 25
22 3763
32 3777
23 3783
3769 7
3786 24
17 3773
3787 1
22 3771
3771 5
21 3773
3782 18
29 3789
29 3783
30 3786
3795 19
3782 24
24 3791
3797 31
3782 6
31 3788
4 3800
19 3803
3797 23
3801 5
3789 20
25 3788
7 3793
3791 3
30 3793
6 3804
3797 6
38 3812
38 3814
3811 14
19 3802
3817 30
3813 16
5 3817
31 3817
3813 34
5 3813
2 3817
24 3824
12 3819
30 3821
3811 16
8 3809
13 3818
17 3816
3831 19
12 3822
4 3823
3828 21
3829 23
3830 17
3837 30
17 3827
19 3832
2 3831
3838 24
3834 11
3829 19
3839 10
37 3845
3846 16
1 3845
36 3839
29 3841
32 3839
3832 36
3834 12
23 3841
32 3849
3855 33
38 3850
3857 24
3840 22
13 3848
3860 29
3854 15
3856 12
33 3851
7 3851
3853 17
6 3856
9 3863
12 3856
3857 10
3865 19
8 3858
3858 4
12 3873
3857 22
3861 29
3860 2
13 3871
34 3859
38 3875
27 3869
3869 38
1 3877
31 3873
3866 14
3876 12
4 3886
28 3887
3883 20
3883 17
3883 38
16 3872
3891 13
4 3888
3875 11
4 3884
21 3889
3896 5
35 3898
3898 25
3885 8
3884 5
26 3885
3891 27
3891 22
3898 17
20 3891
3896 24
3890 11
3899 2
25 3908
24 3894
3897 33
19 3905
28 3902
9 3904
3905 32
3907 31
3908 19
38 3916
3915 21
10 3917
3 3922
3 3914
3916 17
16 3923
13 3918
27 3922
3921 8
3923 8
8 3925
3926 6
3928 34
3932 4
32 3933
39 3927
18 3932
3925 17
3936 15
3931 33
25 3938
1 3932
39 3928
34 3924
15 3929
4 3932
3945 9
3940 6
3 3931
3940 30
5 3938
32 3949
3942 34
3952 19
13 3937
23 3940
31 3947
3949 30
3950 29
3950 20
3952 4
3960 2
36 3956
3949 38
3954 1
3954 1
19 3953
3960 2
34 3964
3951 12
23 3958
6 3957
3959 25
2 3971
3958 22
24 3958
1 3974
3964 1
9 3972
2 3972
3972 26
3973 9
37 3980
24 3978
25 3978
16 3978
3970 29
3975 2
3983 13
3980 6
13 3989
3984 27
28 3987
3975 15
3976 33
13 3977
34 3977
16 3993
3982 22
3993 25
3987 16
3989 29
4000 20
25 3991
24 4000
27 4004
7 4002
4005 2
39 3995
28 4005
11 3996
26 3995
4001 28
21 4000
32 4011
26 3997
3 4014
27 4005
4009 15
4006 15
36 4015
4017 36
4017 31
4004 20
4005 7
4017 37
4023 30
18 4018
4022 15
23 4024
25 4017
4015 25
3 4021
4028 39
13 4029
4030 23
20 4029
4027 8
28 4035
4 4039
4035 22
4022 22
4037 23
4037 16
4037 17
4028 35
33 4034
18 4039
4047 10
39 4030
22 4035
4047 33
16 4041
4034 28
4050 20
4043 9
4045 15
4038 6
6 4051
20 4041
4044 19
24 4059
3 4056
34 4058
37 4047
16 4054
4053 9
4050 27
17 4050
27 4065
15 4062
22 4057
4055 3
4061 19
25 4061
4058 3
4076 8
30 4064
18 4059
22 4079
4079 1
3 4073
4075 1
4080 22
39 4071
1 4071
23 4079
9 4075
4069 35
19 4074
4078 6
11 4072
39 4074
3 4090
4083 29
35 4089
4096 31
4088 25
4085 38
4094 28
4090 6
32 4092
4087 1
4093 35
29 4092
4092 26
20 4087
36 4090
30 4096
4091 35
1 4091
19 4104
4102 13
4105 4
12 4112
4106 21
4104 40
4098 14
4100 14
21 4118
4112 17
4112 7
4105 31
4112 28
22 4123
4122 34
33 4109
9 4115
4109 2
31 4118
4119 39
4130 19
4121 35
2 4132
4117 18
35 4132
4117 32
36 4131
4136 25
4134 22
4137 20
4 4140
34 4133
4124 21
4137 10
33 4129
17 4145
4146 6
33 4148
16 4137
4137 23
19 4135
4142 40
29 4137
4141 3
4152 5
9 4151
4153 12
4152 30
4 4156
4149 28
39 4159
7 4147
4144 16
4160 7
21 4157
36 4149
32 4164
4155 34
4163 34
5 4166
37 4168
1 4163
4160 31
10 4165
10 4173
16 4162
4163 6
4173 10
3 4175
20 4167
32 4174
4171 11
30 4174
4165 33
9 4174
4171 34
38 4180
15 4184
29 4186
4182 37
4183 6
4186 41
24 4191
4183 15
4191 28
39 4193
4190 5
31 4188
4199 34
16 4183
5 4194
6 4191
27 4201
1 4193
14 4199
4198 21
17 4189
42 4198
39 4194
41 4195
4194 37
26 4207
32 4196
4207 7
18 4209
18 4205
4207 21
23 4217
21 4206
4201 14
4 4215
11 4218
4223 21
23 4212
28 4208
4209 32
4221 28
2 4212
15 4227
35 4220
34 4222
5 4223
20 4216
4218 42
4232 18
36 4233
17 4235
4220 7
17 4228
1 4231
4235 8
4223 20
41 4225
4243 8
4240 18
2 4241
42 4235
4229 24
14 4243
4247 3
4246 29
18 4237
21 4251
18 4246
4246 32
2 4250
11 4251
34 4243
4248 14
4258 21
4258 7
4247 18
4251 32
4252 10
14 4261
4253 19
4252 13
4256 17
4262 19
30 4258
4255 15
17 4272
4254 21
4269 29
4256 25
4257 42
17 4258
4278 40
17 4267
4277 15
4270 9
27 4282
4280 11
4267 8
4280 15
4279 9
3 4280
7 4287
4283 19
21 4272
21 4290
12 4283
30 4284
19 4280
4292 28
22 4289
19 4289
6 4283
38 4281
4287 31
20 4283
11 4286
14 4289
4290 26
27 4297
40 4292
4294 9
16 4306
4297 29
8 4293
10 4309
4305 38
4294 16
9 4307
10 4311
22 4299
20 4301
4310 33
4306 37
6 4313
16 4319
4321 14
25 4314
4323 23
4322 42
17 4316
4322 35
4311 25
9 4327
4324 29
1 4315
4319 39
4321 43
30 4325
18 4332
4325 32
26 4329
24 4324
4322 13
4333 27
4329 31
13 4335
42 4343
4335 32
4341 5
4339 31
4340 28
4347 29
4341 36
28 4339
32 4344
4336 8
4351 13
12 4353
4344 15
34 4341
4355 35
26 4347
31 4359
38 4350
27 4348
20 4344
4357 7
32 4358
43 4363
38 4354
4356 26
39 4359
4359 3
37 4359
15 4358
39 4363
2 4367
4363 37
9 4362
6 4363
4375 10
11 4359
37 4376
8 4377
13 4372
37 4374
37 4375
4367 28
4373 31
4378 22
15 4380
4376 9
4 4374
4376 3
34 4373
4373 42
4375 6
4383 43
30 4388
19 4385
4381 34
40 4389
4381 38
4386 42
4399 33
4399 12
4391 34
4385 22
43 4396
4387 8
4405 14
28 4400
4401 41
4402 30
40 4410
24 4405
1 4395
27 4410
14 4413
4399 22
4413 17
19 4415
4416 44
4410 7
34 4415
33 4418
8 4416
37 4412
4424 39
16 4413
26 4418
4424 3
4412 8
20 4430
4413 13
8 4425
4416 40
4428 34
4417 6
31 4436
4 4434
29 4423
43 4431
24 4435
40 4429
26 4437
4434 16
38 4426
40 4427
4430 15
4443 38
13 4442
5 4439
4447 41
22 4441
4433 13
4453 15
12 4440
16 4453
30 4438
28 4441
4458 12
32 4458
41 4456
4460 24
4462 10
4455 1
13 4452
4460 24
4457 39
4455 13
4454 27
32 4469
1 4463
4459 12
4470 30
35 4465
24 4467
4475 11
28 4457
4462 44
4474 37
40 4470
4474 6
37 4477
4464 19
4474 8
4476 27
28 4469
4468 34
9 4480
4482 24
37 4479
4484 23
14 4476
32 4492
42 4492
25 4489
4485 13
4489 18
5 4489
4490 8
4499 7
4491 39
6 4484
4490 24
4495 35
4486 12
7 4496
4492 29
37 4488
1 4504
26 4508
40 4499
4492 38
27 4506
4508 34
4512 9
4501 6
43 4499
4508 1
4518 25
4508 31
4501 41
11 4516
4520 40
4505 6
4508 17
17 4509
4519 36
4517 20
8 4526
18 4518
4530 25
4531 5
4 4525
19 4515
25 4516
4525 42
4522 43
4530 19
15 4532
4526 15
4538 19
35 4541
4535 42
37 4535
4532 36
1 4534
4527 34
16 4532
34 4534
4542 28
4542 21
3 4543
42 4549
20 4544
33 4535
4554 36
4547 39
12 4548
31 4542
4548 3
4543 30
4550 4
4552 11
4551 18
23 4563
4565 21
29 4550
4562 1
15 4561
4567 20
4567 29
4556 41
4571 39
4556 19
7 4565
39 4559
4558 35
4577 22
34 4577
42 4572
41 4572
27 4574
4569 20
4 4579
4581 17
4575 12
20 4577
4580 21
4577 37
22 4572
43 4587
4591 13
14 4578
26 4581
34 4589
30 4589
4595 31
4597 40
33 4589
3 4592
29 4598
22 4585
2 4600
4586 27
32 4590
34 4589
27 4595
4599 33
6 4591
4601 12
4595 6
32 4598
34 4599
4600 42
4602 23
21 4607
4602 39
4603 22
4603 15
4617 15
37 4616
10 4619
4614 9
4612 26
7 4618
5 4622
41 4614
4627 37
12 4621
27 4626
41 4618
44 4624
4623 15
4628 13
4615 33
4625 11
14 4629
12 4621
4621 5
31 4620
4629 44
4634 17
4630 46
43 4633
17 4633
23 4643
4641 28
4631 32
4632 40
37 4638
4648 36
4635 25
35 4649
37 4647
4648 4
6 4638
4649 11
4644 19
35 4647
4651 13
4652 38
4656 8
21 4643
4662 1
43 4645
17 4664
4652 46
1 4657
4666 18
8 4665
28 4662
46 4669
22 4653
4671 34
4673 4
11 4671
4663 24
28 4674
4661 29
4665 4
19 4669
34 4673
15 4675
38 4677
4682 9
14 4679
4671 36
4675 7
1 4676
1 4687
4679 24
43 4683
4691 19
4690 21
31 4675
4689 11
4692 45
4688 8
35 4690
4 4688
4690 42
4699 2
4689 10
4703 2
4685 4
42 4698
4689 26
4706 13
34 4698
2 4708
15 4695
21 4701
39 4701
7 4713
40 4704
4706 24
4697 17
44 4712
32 4716
4709 21
4714 42
4710 27
46 4722
4707 40
3 4721
4712 24
33 4719
42 4723
4721 29
4716 33
10 4720
4726 38
22 4716
4722 19
4729 28
11 4733
4726 8
4731 8
15 4735
4727 7
43 4724
4732 40
4723 34
4739 46
6 4735
4726 33
4746 32
17 4740
11 4740
17 4736
16 4736
22 4733
32 4735
29 4744
21 4746
4736 18
26 4737
4746 44
34 4745
4751 44
44 4748
4743 36
4745 1
4749 29
9 4756
9 4758
4752 45
4760 4
4754 1
15 4751
4756 8
4766 28
4769 47
42 4756
4772 41
16 4756
4768 41
4762 26
4776 24
4778 38
4780 9
41 4770
4768 20
40 4778
4770 18
18 4780
47 4768
43 4771
4781 16
21 4774
33 4774
11 4782
4789 27
20 4782
4783 20
28 4782
4778 41
4787 32
4794 26
4 4795
19 4796
4795 34
20 4799
4794 17
12 4791
48 4786
4804 43
24 4800
21 4802
4790 40
41 4795
36 4803
1 4795
4795 44
4797 37
4811 8
4810 6
4813 29
38 4814
4 4804
4813 3
4806 47
4822 2
4816 10
36 4811
4816 39
37 4813
28 4826
43 4826
4828 36
4815 24
4816 7
4821 15
8 4821
35 4826
28 4835
8 4826
30 4822
37 4837
1 4831
45 4835
4838 47
4834 4
4 4834
2 4832
42 4840
4844 25
43 4833
27 4837
25 4849
11 4840
10 4841
4843 8
4843 16
4853 1
34 4848
36 4856
22 4849
4840 9
30 4857
4853 42
4853 7
4848 44
33 4852
4854 17
4849 48
4856 2
19 4852
22 4850
4866 44
2 4855
10 4864
4870 28
4865 7
4862 40
26 4873
4871 41
4871 30
4863 14
4871 28
4867 2
12 4879
4869 45
9 4870
4883 17
2 4870
12 4872
4883 41
4870 43
4879 48
4871 24
40 4880
9 4878
4889 37
14 4880
4891 43
22 4887
2 4891
4883 7
4898 34
46 4893
4887 8
19 4888
27 4895
4888 9
4901 46
4891 49
4891 40
4893 29
4908 39
4895 11
4911 36
14 4907
4911 46
4910 45
4903 24
4914 26
29 4914
4901 47
4914 25
41 4919
42 4902
4912 9
4910 26
4907 3
4914 10
4924 23
32 4918
4923 44
4925 23
44 4911
12 4929
48 4920
20 4916
28 4927
4930 27
4934 11
6 4928
33 4938
4939 2
25 4935
4933 2
34 4924
4932 17
4926 18
29 4936
15 4938
21 4940
1 4932
4945 46
4949 9
25 4944
4946 42
4953 4
20 4935
4954 46
4937 9
4941 4
3 4942
4945 35
46 4953
31 4956
35 4959
4946 16
4961 25
4 4946
3 4962
4964 41
3 4957
4953 18
23 4952
4964 18
4967 33
4959 13
4958 20
40 4964
4959 12
4977 47
4967 17
10 4976
33 4971
4966 2
7 4970
39 4965
4975 18
4969 23
1 4985
42 4968
41 4987
4981 15
4978 14
4972 25
31 4978
28 4984
23 4977
43 4985
4978 32
4991 4
4990 31
4990 18
4884
5867
246
4094
3953
2365
3524
5514
22
991
5330
3544
1847
3215
3474
1133
213
232
911
1094
1443
345
5586
4961
124
2573
3194
4376
3912
5109
2542
2818
3397
3649
3492
1170
3345
1272
4755
4041
4683
3469
2994
4461
5599
3299
438
5565
347
1759
3223
301
2814
1946
1822
500
3141
4978
857
4971
503
1975
5604
598
3924
2942
259
1248
4062
1911
1692
384
445
2809
5395
563
3746
5368
5255
4962
4987
2559
3678
5480
2221
2373
4046
2906
1971
5598
786
2008
442
2761
4172
5691
619
2052
1705
2968
3629
5819
672
1455
823
2052
4852
5987
68
2308
4305
1567
5858
5022
2870
1159
5220
2902
595
1932
2572
4222
3146
5513
3315
2098
3286
1836
5618
4286
1425
5567
44
5693
947
5560
5810
2988
3105
4275
1950
5848
3611
4795
29
4771
3357
5796
846
148
2934
2017
5640
1669
4819
5766
1900
4724
4901
3447
810
2630
5494
4508
2157
174
3499
4440
3353
3247
2471
424
1022
3784
3359
4184
4721
2478
1723
5178
555
5953
4303
4494
4534
920
3916
2113
5051
4329
3599
5238
3256
937
1275
5012
1316
1148
3831
5097
882
47
976
2571
1487
4888
3409
2411
1701
4002
3621
1590
3410
532
3901
2755
4258
178
3987
2118
875
932
1977
3369
2841
2185
850
5689
2683
5180
3627
4581
1949
3676
1955
1976
5952
5201
1791
1765
1431
1309
2728
5863
4638
3648
2092
4535
5915
2020
1942
5093
3707
5798
5115
815
141
4068
1227
4808
2320
5440
5503
5048
3516
5752
1115
1875
1565
5073
822
508
976
2018
5259
1571
4212
4310
2343
3892
653
4439
4946
1485
376
976
2654
286
200
4289
5841
1718
2039
4308
5793
364
190
4058
5634
506
5226
5385
5321
4028
5183
5738
2032
3974
116
357
3340
4638
4799
5388
4047
3841
2954
493
5625
5707
2269
5661
2888
2015
4998
5104
4375
2657
4857
1563
4291
1186
1829
1586
5416
3671
846
4908
3007
5976
1378
1665
45
5449
2835
5845
783
3763
4752
2700
2923
2610
2073
5197
1620
1686
3731
5460
4996
3436
1417
2022
547
5907
4050
3776
866
4261
4529
2853
1843
5440
1206
5496
2587
4186
4768
567
4893
3570
4349
1516
2147
1849
3929
149
4129
5731
1887
5217
3232
1593
375
4655
2657
1247
4214
3739
2205
3751
5458
4860
245
4993
3881
3616
5526
3060
3991
673
5111
658
5523
699
3868
1384
272
5218
5176
2822
394
2050
5488
3348
4819
2789
2957
2092
4219
2635
1000
274
5419
787
5459
1445
5872
3996
1750
4583
4766
4107
2370
3316
4108
2796
1986
1066
3125
2867
511
3049
1193
2868
5782
2410
495
1154
4714
2857
5422
348
1792
228
5510
3027
5538
2742
4480
3644
3752
1552
1391
4341
1528
4920
1191
4746
5313
2803
1568
5147
3866
3091
440
451
3176
261
4777
5561
2474
2312
3842
1837
5593
5587
2810
3157
2952
5414
3418
5588
1258
3828
3214
2973
4128
871
1392
1402
134
423
4866
5931
2671
3003
3562
1146
804
4538
4676
533
5343
5317
4766
5842
3395
2165
688
4443
1798
915
3017
5680
3092
2473
3728
5100
1112
4006
3090
1089
953
3881
4195
3362
67
1188
4298
4350
24
3812
3606
5171
1038
4756
1868
1932
2933
5150
2749
5657
945
4509
5859
1719
5201
825
3116
5464
1377
3066
2786
3498
2148
3143
4224
257
4555
5726
3933
669
4556
3655
302
1404
2761
5642
2192
4133
1747
3917
1312
843
1062
1421
1568
2876
5691
4116
573
1173
1002
5450
495
2295
4102
509
457
1417
1666
5258
5883
1687
2827
5505
1029
1118
2408
5655
1010
612
2750
466
2086
2085
3831
91
2438
4360
5788
445
454
2114
4751
4369
2682
4939
5280
460
951
3222
1521
4329
5308
1432
2294
1113
5
1424
3011
1791
143
2824
381
2749
2305
5732
2722
1273
2027
4809
1632
2374
5172
5981
4123
1768
4965
4954
510
441
824
3541
3677
5891
2054
1784
3512
4596
3368
2052
1094
3655
1557
4765
908
2820
5580
3686
3326
1911
1116
3042
2887
2976
2557
5203
3946
2569
5639
777
3294
1682
2245
702
2026
2600
4023
2656
3311
5464
38
5546
4332
1971
686
4835
2665
3903
3364
4730
5037
3362
2135
943
4035
3855
3643
1476
1294
3591
1146
828
1486
2698
462
255
5781
5030
2602
3677
1150
4720
2425
669
1633
5038
190
1981
2104
464
995
489
1224
5512
5314
2295
5027
1757
3523
2154
4129
3824
4632
2038
1798
5369
633
5614
1343
5826
5868
2630
5120
1841
3828
3911
5661
1951
5584
4223
2711
3494
3891
3603
5083
4172
4451
5429
976
1630
688
132
2565
711
2508
2709
2640
3374
424
4175
5062
5221
1508
5964
3404
190
134
42
675
4584
2568
4147
1048
2277
1077
4491
1492
3484
4738
1292
3039
5934
1365
4050
5600
3096
3292
1753
975
2476
5800
2729
5911
4922
5722
4893
401
2289
1616
3514
5070
2702
1154
4832
3669
5293
1199
4537
1039
4730
4710
3213
4858
3925
408
4630
3065
5570
4531
3649
2602
668
4737
3469
865
5291
3151
2723
1367
2023
3825
1695
4053
2229
574
5939
1713
4979
1973
3364
4128
3182
172
1695
3986
145
4407
2081
5588
1516
5839
3811
4568
4088
3216
3784
2406
5320
4371
5887
4123
2508
301
4215
2155
3144
2758
2053
4498
2712
1994
70
2841
4877
163
4665
3699
2717
195
4196
1090
1898
2138
2523
4044
3526
2900
4399
3509
5624
578
2347
5271
4876
3465
1860
1287
4777
3586
2041
4523
4445
5518
5406
3412
1567
4090
582
1826
5468
3699
5388
1652
4910
5865
2261
1611
5494
2131
1013
4347
4712
5717
5279
866
5545
1216
4796
1519
718
5420
1040
336
1412
4763
1910
3648
1205
937
4822
154
1472
4975
1890
1179
5578
4384
5503
1244
3280
4400
2735
3901
530
3958
3401
5009
3761
2384
3953
3228
2263
3507
207
1999
2457
52
5903
968
1486
3868
2534
235
4883
734
1718
4030
5430
4190
2832
4652
4360
5060
5896
358
330
1416
2284
4867
5051
1530
3071
4009
3422
1568
285
1427
3512
4639
2597
876
1932
4707
2541
2523
845
4730
2118
2475
5895
2458
5758
839
5772
5856
2181
3783
4331
1083
1924
2375
3674
5730
1415
4640
2281
4313
5048
5216
1133
1022
328
5979
8
116
823
3778
5089
2229
5816
5612
3438
579
1531
1405
5019
705
1386
3737
3536
2711
4815
1243
226
4663
2306
3647
4669
2376
4314
1781
1184
3074
2786
1570
1178
3566
2919
4813
1307
2325
1304
3691
4785
480
582
2778
3833
2297
1669
4151
3999
413
5062
1826
622
2211
2624
5751
2600
4768
4288
324
2069
5120
662
513
5242
4751
3678
4740
3624
3483
1563
5698
5188
2127
4168
2236
4636
2961
4274
1165
3173
2614
5743
3454
1543
2870
1850
3867
4167
724
1704
4163
5876
5525
3828
1407
5928
1845
3430
1815
559
5608
4577
2149
2014
5106
3274
1088
2887
438
1819
890
208
2319
1018
1559
4
1210
3095
5454
2541
3270
2428
3327
715
1779
1943
5154
3441
4480
3903
2032
784
376
4023
4000
4424
3411
642
5594
4516
1698
5085
3267
2384
4512
1626
2293
1758
5271
2949
5854
2738
4651
4750
615
1847
297
2391
5900
5038
2493
1724
253
3015
509
672
2166
4360
5047
3537
139
1534
2852
5579
1495
1669
2799
1153
5172
5110
100
3038
624
4712
4899
346
3258
5115
4452
2393
4942
3621
2569
2501
3289
3584
3049
342
5344
3838
5824
2734
5157
5415
2879
2407
5958
2166
4562
4474
2363
1644
3269
966
316
4732
1682
2843
3087
4897
564
3101
3691
4758
3558
393
2667
4867
917
4680
4890
2954
2972
4702
4521
2513
876
218
5546
5124
447
668
1681
221
2093
1842
3629
2656
2491
4160
1352
3688
14
2320
4261
3331
2738
836
2042
3453
4132
4324
3402
5980
1641
3266
2654
4352
3184
5418
5379
1052
5497
1995
4864
148
1332
4498
4342
3354
1388
1276
895
1322
2316
1317
1313
3637
1154
1974
880
2771
5367
5032
906
4862
2316
3212
786
5514
705
3340
5083
2120
1749
2839
5494
1492
5634
4488
979
2775
3758
5680
1164
5037
766
5647
5725
2501
4659
349
3869
868
3422
135
4828
5849
828
5766
1245
1993
3657
4342
1710
2376
882
1794
2501
833
1704
1315
1682
1345
1149
225
5822
2319
4639
4951
1499
3532
2092
1976
479
3202
841
691
4817
1026
518
2957
649
2802
4270
5468
2951
3255
3201
5406
2987
3097
5482
2544
4181
1657
1950
4670
5544
5314
3411
1329
362
1429
699
5674
1998
296
2345
260
4369
2218
5214
4324
1255
3600
985
3664
2056
1208
2162
2946
1796
719
2985
5256
646
5673
3848
896
5787
5497
5289
470
876
5707
9
3416
680
4576
5170
311
2627
2708
2122
1180
1904
3856
1655
607
1045
1614
4963
4246
5839
323
5176
203
755
3624
3678
4116
4578
5390
5464
4647
5512
2475
67
707
110
4948
3485
2865
3910
3880
956
2183
1082
1158
3196
973
3418
5615
4826
4878
498
5792
501
4893
2268
2965
818
1065
3381
1069
3280
1816
336
4239
2595
5892
164
976
5430
4402
5339
5198
2514
394
805
5518
5226
3981
2707
3493
2550
2463
5370
1214
4970
2377
3993
2912
780
393
3344
5077
865
4918
2746
497
4383
3577
2023
5164
738
1837
1301
2041
1577
2144
4015
4622
4207
4761
1942
3918
1791
590
2925
1062
4026
23
1059
4455
3668
1410
4114
943
3675
680
4057
1799
1417
200
2699
4092
419
1835
2287
4389
146
3788
165
3685
3151
1810
3877
4478
3674
1525
3878
1095
3560
5084
1687
5223
5620
4913
2825
3870
3
3843
4622
4548
3441
806
3200
3807
1431
733
1597
1039
3400
5818
3480
3804
3714
4880
2635
5674
4463
4990
954
5885
3960
21
5669
692
4065
4992
2860
1136
1217
1781
732
2551
2847
2939
5824
4087
897
4885
3550
5082
5079
426
4395
3420
3753
1864
3167
19
1761
3162
4163
2217
901
3748
5912
5230
3107
3358
3289
4280
1381
5919
2369
5470
5277
5899
1095
686
2948
5904
5654
3213
811
3968
354
2660
3364
710
4729
2613
5558
5171
3672
66
1067
277
821
1152
5765
1557
3750
5101
5083
3673
503
5354
611
5461
3388
476
323
3061
73
1137
5637
5438
2104
2287
2073
2851
3125
2689
2243
5975
2369
4753
4348
523
3482
855
3470
5321
2126
1999
5677
3601
491
3526
3530
3225
2147
1645
5579
4386
2342
4613
3970
1124
146
3250
1644
5766
894
4483
4762
3288
3606
3165
4762
4337
3072
4680
937
1549
3735
2412
1763
2948
2811
2175
4797
1659
1045
5376
901
4266
3397
1874
3393
4961
4912
3360
4874
1988
5026
3243
3469
2327
5926
1596
2302
2534
3518
1412
2241
1032
3399
3789
1860
1013
4491
588
3903
4135
5929
3038
3344
5648
4162
1470
757
5532
5871
5616
5362
2496
3736
3612
3743
1923
1855
3763
4609
5342
3861
403
2290
1501
184
2123
2053
1333
1440
2453
2298
3173
1082
233
2433
1858
736
540
4365
4922
2345
4432
5899
539
2392
2521
1537
1382
1404
5275
1297
554
2647
5709
4031
347
2995
5255
337
2816
3124
324
3014
4244
2110
3362
959
3395
626
1060
3732
3491
426
2871
1369
4064
765
628
461
2433
3390
3852
3852
5492
5446
5651
5902
4797
3055
1591
178
5825
2640
4503
1808
502
3628
5548
438
4634
5575
4159
4779
4928
2670
2099
2319
4882
4538
3774
3577
3609
1994
5881
5373
5658
1789
3460
684
749
4798
747
729
906
5755
3560
1679
3148
5796
1817
3100
4450
4338
1784
2216
3858
1160
3843
3980
2332
5880
3146
2428
5275
4166
4827
2023
5466
3797
3506
1323
3168
547
3462
3346
809
2532
3164
3597
1162
521
5463
2443
2779
1858
1739
2931
4957
91
793
5666
1763
3298
4322
718
4495
5534
3553
1985
2445
3514
5613
428
5837
689
850
2061
2188
1775
3178
1951
4380
283
864
1355
1253
5785
5768
1722
1058
5064
4155
4322
2560
3151
3523
851
1973
961
860
2069
2497
3603
3881
4652
1873
3146
1473
4843
566
5139
146
3536
3667
4895
4208
450
1864
2716
3363
4729
2929
326
1970
3040
773
2544
3717
5794
1396
250
2618
4427
496
3146
2120
1613
4649
3665
5860
48
571
1300
527
1396
851
4200
2673
4227
2671
371
5237
3472
2962
3387
5631
2041
1589
2235
1198
1391
5667
3829
4410
228
5916
2784
3310
3656
2922
5925
5421
2533
1086
4706
4670
74
1651
5331
3591
236
2921
1191
1294
8
80
2470
3217
53
4382
55
3562
524
3105
5404
4375
493
879
2965
459
5757
4724
858
296
1970
4564
5520
4906
346
4120
1354
2394
4357
5106
2667
477
3404
2064
2162
4096
1339
4055
4529
1435
5335
4430
4188
5982
2508
2528
442
1971
5621
5568
3455
5943
3371
1242
5649
1789
643
3056
1631
4726
4350
1578
5036
3768
5134
4709
914
46
4592
5109
5858
832
5691
5060
1237
1415
5849
109
5624
4213
1222
2488
4729
1125
1939
3514
439
5646
3375
3888
755
5971
1589
5185
3411
1996
973
4524
5257
586
1998
720
1218
1796
3772
5209
343
3793
3416
5205
3452
5031
1407
983
407
289
1607
4751
3852
2261
2160
5161
571
244
1606
1207
3516
5483
1001
2742
541
4380
2769
858
1774
2448
5015
5787
783
2929
4526
385
2169
3804
1233
5740
3040
5751
3852
5943
562
1655
3537
2638
1569
4953
5065
3711
3761
563
4224
1829
473
4116
2403
958
1629
5264
3664
4445
4856
67
3559
2057
2433
4048
1348
3384
4873
4604
3204
1277
555
5278
883
495
188
1087
4775
4679
2738
3132
4179
5523
2472
1631
203
5554
3457
2304
4946
2654
3388
872
4066
1627
5841
711
1432
2329
5369
3044
3366
3544
2210
1505
946
330
4260
1213
3992
5490
1127
5074
4429
5533
3750
5951
3419
4686
1737
1779
593
3332
984
1707
3543
3036
5967
1964
2717
4446
4412
5182
5216
4345
5906
5392
2276
3456
1021
5561
2945
926
3045
5741
390
3584
367
145
1473
5589
5264
3460
652
2603
5803
4334
1124
1877
5346
5265
5439
3653
1927
4450
2287
1253
1390
424
3188
3238
2700
1512
5514
5374
1805
3732
1295
54
720
4105
3474
4103
3771
10
2072
703
5423
1752
1918
509
399
4120
3607
3196
3765
2652
351
615
4650
4084
1262
630
4753
3594
5303
5748
4021
4506
635
4479
3637
1157
2545
756
5963
5277
523
1025
5370
4221
3958
2373
3974
1882
5494
1443
3034
5961
3307
3955
834
5799
1445
1315
1867
3487
4356
1985
3931
3774
5553
675
4406
5736
4783
761
3090
5788
3607
1900
4631
3064
3814
5882
4771
1716
2364
1820
4282
1380
396
3925
5621
1856
1817
3399
526
560
1255
4180
946
4795
1083
4168
3989
2280
14
3732
2744
5501
599
2499
4922
674
120
2679
511
3532
2037
321
5900
3073
2281
3691
5027
2043
3033
1681
197
3452
5754
3649
1770
4422
1269
3947
5494
4618
3111
2497
2997
389
4483
5506
2027
5083
4916
4795
3016
1090
3736
357
615
969
1754
776
4403
3721
2658
2195
2522
2973
1446
680
1779
4001
3934
5175
5379
2117
1583
250
529
168
3725
2567
111
1682
2234
2973
4075
1993
769
4855
603
1338
782
1077
4802
3621
5489
2490
1654
3770
3799
519
4118
4427
4341
1774
1568
2541
598
5583
1584
4485
4332
2108
1506
5391
5759
2175
4175
1378
1170
1461
25
5045
108
2560
4210
5868
2825
1510
2278
2407
2594
873
1347
4449
4009
5079
2253
1422
1250
919
1871
3661
2956
2238
1414
3695
3245
1085
1156
679
246
4644
3854
3149
4110
5609
94
2781
1469
955
1526
2222
3176
1986
2995
4550
781
4498
3230
3028
1018
893
3273
4588
1430
426
3324
4478
1407
3470
4748
1559
1889
5213
4254
3356
5835
3120
4202
4529
5687
1368
2209
901
4067
1877
2651
1554
2365
1733
1662
226
3614
32
3813
5661
3562
4575
1089
5708
687
192
2215
42
2734
4481
2098
5055
526
3012
5316
1317
5253
2469
1098
2698
117
4588
5737
4212
222
3199
3479
2956
1304
709
3232
5220
3859
1535
2283
2290
5439
1935
3694
766
4951
1759
1373
867
5019
1902
921
126
3029
2446
4406
2700
45
3301
1600
4936
1453
3150
4891
110
5169
3638
2991
2389
1515
4870
5635
1357
4795
1962
5363
2654
800
3572
2017
1137
5027
1490
2154
5292
1797
2360
2296
4442
1094
2266
1273
2152
3829
1718
1931
3403
2035
758
4356
4681
1949
2803
971
2032
625
4057
343
2186
4704
4265
2165
3534
3813
3702
5143
3337
1895
1259
442
1786
4587
1452
50
5486
874
1547
4820
1734
5204
1084
4372
3921
5314
5157
5235
5099
4521
2795
1506
5747
4721
1833
3711
5928
3679
603
5184
1577
5437
1196
1195
5366
3654
3237
4645
158
2972
433
1798
5076
5135
2194
3216
1226
3027
4176
3443
718
185
4295
1219
1160
3426
3779
4382
1932
511
1771
263
4779
60
3985
559
3532
3160
2052
4036
5591
3390
4017
2092
557
1316
4642
3190
1133
175
235
157
5526
1326
3441
5011
4090
82
812
5704
1400
3178
3790
5728
5550
5796
2819
3031
4451
2622
21
124
3720
461
4036
3498
1522
4710
3330
3953
1965
656
5179
2794
4637
2750
3072
232
5742
2614
4653
1983
3897
5283
1611
3660
1446
836
2637
3788
1238
3812
2726
821
1171
5307
5324
2279
1076
2922
1866
4833
2278
812
289
745
5140
2393
2369
1119
401
5899
3640
2773
278
1593
4068
1436
3310
5346
5938
642
3673
217
3306
2158
674
3047
2040
95
1781
1395
5051
4716
4091
894
5277
4084
2647
5472
4926
1663
4765
5733
5472
591
5701
775
753
4523
1150
4273
5400
4865
1368
657
5672
1341
3669
5881
5158
2931
3592
2027
5968
2864
4168
4250
5037
3911
4111
3878
5405
4918
3592
1349
4433
163
3885
716
887
243
5910
2459
3728
2058
3418
1302
3724
3859
488
107
2496
3080
3282
4522
4071
3730
3316
4389
373
1335
4871
2705
3731
2567
5293
2064
3656
2399
2977
3323
557
3739
756
3480
461
5005
4229
5435
3519
4285
2902
5557
3456
1795
2917
4882
1481
1298
5137
5390
345
1690
2325
2598
1388
5744
5775
3685
3408
591
1393
1876
1987
3848
3294
3812
2993
5678
2319
5783
4006
3502
1333
5203
3440
3756
1119
5689
5453
5497
3482
119
2750
5218
5714
1412
95
5133
1998
4765
4591
3261
2127
5039
3722
2595
5766
4453
3464
1949
5776
3249
1301
3455
2064
5835
508
1107
3799
1917
2273
2678
5499
2030
2296
4791
3469
4593
3253
2314
1495
2412
4444
3220
2473
1614
5973
2115
4488
4299
990
5227
3644
5678
3787
2291
2675
5988
1702
2783
966
1615
1228
431
3579
3311
1272
4448
5491
510
48
1567
5277
2027
3479
2880
3501
3257
3104
4227
2987
4680
760
2274
2703
705
5128
4060
1347
598
2346
3740
3472
2647
4327
1627
5718
2434
2505
4459
2311
5385
929
5869
887
2991
2251
4593
5505
4
3299
5796
4696
3876
5681
4457
3827
3804
261
1440
2239
1884
3553
2680
2362
5851
3872
750
5547
1810
1878
3021
3482
4958
5118
3819
4113
513
4114
1784
3214
3063
3192
3531
514
3557
3136
2661
5368
1217
5372
4083
3962
419
1041
1904
5948
1705
183
768
3244
5744
4157
3371
5425
3385
3122
1164
4673
3828
639
4055
2139
2355
2302
5122
2389
1374
5712
5600
3340
4518
3484
234
5136
5410
2380
863
5072
2637
4225
1189
4540
1339
1355
4481
2124
3762
5716
5460
796
2951
1419
4544
2418
5891
1083
1265
2765
1259
5736
719
5844
817
5159
4378
5917
3609
3066
5446
4207
139
3692
5297
4945
4511
2929
4362
3981
2189
5699
4595
1833
3335
4648
4046
4140
887
2631
418
4031
407
4951
5449
1328
4912
1476
898
5512
5710
2816
3612
2252
1443
4194
3168
5368
4900
2497
1735
1450
1516
1894
1665
5332
1714
5438
1292
4100
2190
5636
5872
4298
207
2936
3105
1815
4849
681
2633
1087
3510
703
2833
2151
3649
3535
5909
4168
4464
1036
5501
5239
1656
3443
3068
5194
2107
1697
2439
128
4818
868
4123
3431
3349
3185
4277
185
3910
2735
3803
2907
4158
1561
13
4928
4107
5425
3983
2709
3009
649
4763
178
383
3297
31
3719
4718
5483
773
2982
3210
437
106
4566
3275
2790
1551
4211
3623
738
185
1358
2197
4593
5229
168
1265
350
3821
5261
5415
836
5784
1812
4417
1917
3723
5286
3594
1170
4985
1194
5738
3348
1286
5061
3393
2375
5798
1760
4112
83
3039
1692
3461
4763
2099
4636
1687
4991
2845
1546
3915
5296
5445
1660
2489
515
3098
1234
596
1584
5644
854
2645
965
3094
610
5985
2398
91
3482
1465
189
1196
1941
4170
3273
2433
4553
2865
3180
4229
2494
4485
432
2717
1779
4962
3255
600
4530
1498
2465
4667
2928
618
753
1651
2511
682
3514
1113
3574
4685
4821
3803
2501
5300
3220
5875
2116
4312
5847
4886
656
3452
71
2554
5426
387
1272
3965
4978
7
3505
4016
175
3257
1037
3587
562
3766
5023
2566
3311
927
2622
5020
3187
4832
1810
1937
1360
5987
548
1082
785
4289
5424
4750
4735
579
5253
3445
5976
3014
2025
2050
5658
1029
2592
2450
3563
2379
2274
967
4184
1772
4938
731
3077
3880
2664
747
5713
57
528
3186
2449
3440
3369
819
5358
3547
5624
3372
2397
5865
3723
1042
5172
2399
2587
3745
5860
4215
426
4360
4542
5108
4234
2384
1248
963
5671
5091
3128
2145
1518
230
4461
2151
5594
3527
2445
1931
2081
3497
117
5893
671
1018
1277
4401
4261
4754
1013
498
5954
5760
3240
54
5957
4788
5021
4809
3426
1854
656
2942
1735
4120
2107
2805
2727
5730
2015
1074
2569
5132
320
3009
3683
2941
2417
3879
3075
997
5448
121
1846
2420
401
1703
5444
2751
3034
722
4806
4965
2731
4712
4796
1571
2406
3132
2041
3501
2939
3832
364
4743
550
5387
5432
1119
2568
180
933
4028
2145
1549
1005
417
3337
878
1813
3909
1485
3129
922
903
4047
4988
565
4088
2055
791
3762
666
3794
5526
4624
5277
899
999
2700
2040
2953
1398
4902
1876
5939
598
2601
2002
4528
4834
5131
3872
1711
1060
1422
4055
2063
4650
15
2136
3201
294
5629
2675
3397
5910
3551
618
3456
3580
346
3221
4495
473
3172
674
2284
4809
1945
2959
4097
2003
103
3499
4242
1149
2515
4953
4910
3637
1416
3339
1439
990
5330
105
5512
1772
3759
5035
4064
2245
1486
106
4094
1390
2414
4665
4161
3935
4991
4670
4881
1314
1210
755
1295
1595
1322
1626
2594
5987
3028
3815
1944
1328
1727
4490
3859
2723
5688
1100
1931
5291
1843
1798
528
5546
4118
4398
4108
3847
302
3064
2168
4697
1881
3929
4287
1276
2865
167
5521
4696
1247
129
3888
2877
2892
5288
3479
3791
3231
2483
4474
1427
485
1622
5250
2395
2910
5173
2260
2646
1377
2935
4899
3903
4838
1891
3895
3918
4995
5813
3324
3852
3430
3971
2759
433
1403
1314
4084
1036
659
5729
5845
3965
1974
373
85
1359
2992
276
264
4291
5350
5109
61
2520
5383
408
5039
5489
1720
1305
1543
4177
2054
68
41
649
2025
1641
2168
1347
5469
2530
2798
703
573
5546
4471
2903
1682
3942
2770
2045
973
2439
5434
3090
331
1796
5975
937
3446
3775
1435
3824
1202
1021
4746
3135
315
2982
2809
1948
3788
5639
5884
4852
420
5359
315
3500
2892
4572
5961
3459
4948
3098
2660
5130
3448
5099
5654
5162
4847
2265
5383
2137
1234
5670
4404
1362
2289
2569
721
3139
5770
2924
3482
31
3932
775
568
29
1404
3119
5346
3932
1957
2297
1370
3784
4863
5527
4639
5347
4198
5047
1885
5041
3218
2717
1017
1161
173
4497
4566
3065
5776
4699
5186
138
4055
5833
1743
5524
3865
3027
311
522
5546
3223
2828
1163
785
3737
5341
4892
4489
189
3837
1980
543
706
2663
2928
1369
3994
2110
2384
1429
4087
5677
185
2477
1316
3917
4974
5628
2267
2486
836
1139
71
2640
1148
5371
1226
3038
160
1523
220
2609
1159
4467
4092
2148
526
2679
3221
1988
301
3027
2049
659
5851
1439
2651
4569
1950
5229
3371
5790
65
1911
2742
3005
602
1250
4552
3395
2425
5358
292
5276
1335
1769
1142
5286
3028
71
2995
1307
5915
599
5372
1064
373
1292
1458
5600
5206
10
5573
1100
1434
3097
4180
3088
700
921
3781
2196
3247
5624
5298
4566
5216
4962
607
235
286
175
4726
1822
3764
5683
1539
1718
2914
5511
5451
5113
5887
5277
2970
5673
1227
1218
2962
1525
178
728
2910
1490
9
3797
5774
5295
230
4886
5134
2970
768
3920
5755
5274
3877
3667
3637
3131
646
2763
1780
1642
409
696
5155
622
587
3427
274
786
4480
1790
153
1715
1763
4293
4379
5120
4705
3660
1428
1517
205
918
4990
684
308
2448
2583
4472
1973
2686
5390
2873
4813
455
1044
2814
1329
977
2673
4151
2846
2842
1300
83
2123
416
4546
590
1539
2326
1238
4093
3355
5595
5045
2110
905
1713
3439
4874
5275
4878
3682
2793
2799
2660
4125
3391
5563
4903
4389
74
4017
5185
2438
750
4844
20
2592
2293
5815
3167
2159
192
506
3581
5642
75
2862
5689
62
2149
3112
3007
1702
270
4940
5286
84
4589
5914
2144
1930
1705
5595
3407
2038
2324
4927
1514
1882
1378
5298
3959
4061
2070
4804
410
4636
4799
3862
1281
3403
837
4315
5780
431
5448
3568
1015
1331
3479
3026
3188
2737
2576
3558
5512
3045
5884
2730
2252
2790
1933
4109
1521
1012
166
3552
5143
703
5033
701
4669
852
1157
5217
743
2277
638
3975
2005
1134
286
3909
359
3716
3322
5158
2423
5473
2596
1506
5867
2609
1203
4920
3992
5570
5685
5507
2379
2297
4078
5510
1689
165
2527
3826
3732
3627
1016
5593
3120
4218
5620
471
5286
1218
5845
5958
403
85
4233
5941
5783
2351
3146
5865
3200
1194
1364
3064
4468
2939
3303
2411
3409
2677
5264
5492
202
3697
3625
4875
4621
1541
257
3170
5440
3141
1053
5573
5950
2611
209
3951
407
4147
1025
4642
5558
79
5661
1127
4062
3303
4452
2781
2590
4505
5439
3866
1506
4382
5652
3882
4222
796
2598
3432
4407
3625
1273
4860
4488
2791
1725
2948
3810
1831
2777
2009
3779
718
1759
3351
782
3369
2029
3992
41
1819
3971
559
1355
228
2263
2984
4304
4962
5545
4407
4497
957
4068
5625
2193
2281
1858
20
4538
1697
4961
3310
3110
77
2417
3196
847
5964
5350
3402
89
2641
3828
2859
5236
2129
2404
5621
1304
770
1720
3336
3324
4540
4999
5303
1601
4826
4695
5491
4888
3879
4293
687
3623
2929
4951
3618
127
4243
4402
2901
870
606
2935
1649
655
4082
400
2249
831
2849
1230
92
4298
2292
2556
3048
625
2750
3635
5475
3181
144
1907
1374
3359
2954
623
423
2375
4244
1619
3764
2266
1376
2249
5943
3110
3977
1365
3351
2874
2623
526
4779
3554
534
5768
5670
4607
5663
1908
354
1398
501
3608
5918
2693
349
5502
5032
4139
961
1373
1899
3059
3748
2097
1949
4248
3958
100
1339
2939
236
2287
1607
1152
623
742
4641
5456
814
3430
1943
5507
4854
3460
1029
1895
2610
1535
5489
1107
5775
1582
2141
3036
436
2574
4742
1468
4495
4514
3770
2381
3149
282
4519
497
2352
1555
4718
1686
5231
1995
5687
1529
1970
5315
1546
4970
4045
3883
3433
5103
4067
4737
3771
2046
5914
875
5637
1614
5496
3404
3177
56
4075
486
2149
1840
350
655
3675
5194
349
1107
906
2319
534
2776
463
3606
2614
4159
3052
4131
5446
1912
638
2975
4666
5049
724
4595
4215
2163
2073
5451
3694
4579
5125
3142
3409
4500
5092
290
1115
3379
542
925
5948
1866
7
833
4297
779
2903
5925
4086
5452
5157
3378
3194
3403
3975
719
1821
3909
3477
2774
4650
5958
514
4203
1207
2487
31
3770
3390
659
37
1589
1672
3078
1460
1461
1066
4564
5299
3163
531
2666
262
4867
2188
5133
5356
605
2578
1640
557
1044
2954
906
5761
4018
4166
1230
3942
2269
3852
5109
3838
2359
4838
5216
3036
4016
5257
5987
1261
4476
1169
3887
141
1173
4684
2198
5729
4476
2900
1087
4316
3202
4272
4180
970
4247
3289
2866
3428
3721
4537
4131
778
1320
1474
1783
3104
410
5270
3236
5946
1675
1245
3658
548
5808
1903
844
5170
4102
2807
2125
3445
186
5520
890
714
4252
1609
1003
5555
593
1758
362
1443
1166
4286
3980
14
4818
3088
3949
1313
5791
2778
2343
4917
4092
2258
5907
2552
4682
1906
3443
4874
3323
1639
231
4762
5424
3145
3288
1255
5241
3374
346
2515
2617
4838
135
4600
2369
2888
1412
879
4351
5566
3324
5902
2536
71
5370
971
5545
4776
958
4039
3392
3943
383
3405
3814
5968
4738
1718
972
2908
1404
2933
5147
420
3939
3045
1832
3387
5371
929
4748
3332
946
2344
5639
5438
3597
3786
5272
3227
3075
1883
1170
5662
4050
514
1991
2103
5575
3814
2745
564
4386
202
2740
1594
1070
309
4319
2911
2529
3267
2678
1891
4760
4928
5769
3794
1167
5003
5531
3784
5920
3248
2066
1361
2608
3374
1111
1804
4961
1006
3658
3513
4580
3999
642
169
2105
5464
5207
3597
5544
3219
3822
194
2611
3443
1553
3928
3544
1441
2605
3785
4016
3211
796
1345
711
812
2876
2635
2439
2418
2229
527
438
346
174
684
3150
2958
2043
4422
4192
2747
3554
2906
5211
5296
1611
3385
2273
3109
5542
60
5598
4687
1271
606
3571
4722
701
3754
1329
1441
784
4625
3247
3453
4950
3886
5740
5115
4476
2155
3484
921
5758
2715
2758
5694
5567
3066
2927
2307
3056
4056
4397
3306
56
615
5858
1101
5900
5626
1076
1576
3096
1240
3529
1899
798
467
5808
381
4114
1390
1435
2230
5533
3919
4105
867
1475
5611
1561
917
5850
3245
4850
2667
3403
2525
2292
1701
1362
1575
3808
4901
3960
2108
2795
5063
1813
4165
525
5112
3440
783
145
2613
1469
341
4608
2126
5576
1822
4275
1921
3725
3695
2423
2386
4939
4271
5699
5813
3525
4612
5031
1235
4098
3162
5535
108
1510
1544
2787
5590
4553
5748
3788
2559
4772
157
2793
5973
3031
3013
2239
1702
2330
3525
520
3420
2777
2028
5229
4883
197
5115
1621
3082
2164
3190
3758
1297
1652
5114
5203
301
398
3093
1869
4006
5630
2268
650
2742
1035
5549
3111
444
3237
4223
1276
5766
884
4580
3985
3110
3985
890
4701
3471
3087
5967
2286
2326
5554
1927
1114
3401
1076
3331
2729
1052
4512
5203
4877
1393
3216
5758
4866
5279
5882
3574
4528
1603
5282
2066
1001
2538
1579
4531
3130
2550
5762
1679
3574
5910
3439
1941
360
1962
4000
5307
1190
88
1802
860
1108
1222
4941
1396
4052
5335
3400
2410
2179
546
5719
1216
736
1424
3904
2342
5436
3941
2371
5975
5791
3228
4532
2612
1775
398
5368
1191
873
1862
1732
1537
3974
4824
1155
1433
4092
5867
2436
5785
2907
5897
5224
2672
126
5453
1032
782
5551
5490
195
2194
2679
4787
2218
4900
4651
3450
2734
111
616
5485
638
3818
328
2205
2363
5263
669
5933
4653
1873
2358
1046
906
5112
5853
761
5568
2984
3935
4616
4864
3498
3334
2545
1318
960
5852
2953
2053
1803
4843
3185
4640
2914
1786
5600
3173
5562
321
2153
5663
1311
1620
5917
4181
5376
3283
3672
2196
2880
314
513
5349
4884
1776
997
5013
5682
4364
4390
1637
942
4687
3246
1302
642
1977
697
4100
4424
3527
4913
1818
3504
1639
1139
2202
2769
4969
3978
5627
342
1723
4607
3352
2450
319
5000
1550
1221
1837
3342
4567
4996
4337
5711
2564
2648
3501
751
3177
4213
5729
2704
4887
356
3645
4619
5507
3862
2248
1239
2585
5585
777
4927
4772
4185
686
1043
5975
2724
2899
2867
1836
3237
5575
5974
1430
5449
2700
5947
4549
1044
4315
4094
1667
3806
4948
1908
1698
1275
25
2267
188
5426
5799
1008
4512
248
1084
4348
2482
1370
1562
2628
1261
1402
215
3712
5018
1167
1913
5075
4577
623
2873
1182
1377
980
301
1160
3019
997
1690
4621
2859
1656
432
3048
2198
2333
1596
212
4134
1365
2585
2005
3718
1833
3379
5140
925
1001
2540
1592
5595
1543
2734
4232
5517
2474
2078
5292
509
5468
526
1986
1018
2144
275
1616
2706
4946
459
4068
5507
35
2446
133
4226
5099
5568
4149
4043
3010
3899
1952
4978
3861
5363
4377
4709
5787
5584
4641
2484
2194
848
1121
1335
3534
3355
3987
4097
1122
4653
140
2473
1747
2615
2854
3082
5740
451
748
3581
5867
1446
393
2136
4187
2293
2860
3191
807
1106
2971
5547
1568
4868
1366
2236
1049
207
5539
1517
1731
4041
3949
5515
4986
3217
1687
63
5529
5054
4491
5519
3322
1516
1000
99
4307
5824
4837
185
4382
2221
863
5782
1868
4665
213
2432
3717
3287
33
966
4602
1975
3983
4286
1226
1729
4479
5559
172
824
5317
155
4943
1971
2555
2995
3876
4772
629
2201
1548
4898
5045
1563
3083
973
5619
5747
937
5567
3760
1477
4782
1822
5344
4681
2179
2057
4887
895
2138
3853
2453
4696
5131
4150
4079
3792
2349
2889
1175
874
4741
5324
458
4867
2723
4466
4561
5809
1614
2283
1937
2832
4263
665
5210
5280
3311
910
4966
1087
3975
5753
1631
4681
126
5934
3654
413
4407
2922
654
2497
1538
2486
96
4998
5878
1753
5054
1611
4186
984
3347
5229
2744
3586
3792
5321
5428
2547
3859
639
691
5362
4780
463
3512
4934
755
3804
3528
5268
2104
1618
514
5465
3553
4745
5120
4250
3363
1325
2737
370
618
5847
391
2996
1633
2250
65
2066
2100
348
3247
2811
1689
643
1532
5949
4886
1427
2353
3887
3327
4650
503
3986
1895
3535
3035
4304
5087
1831
5004
3861
3566
1800
3131
198
4793
477
2479
3894
1149
2109
4568
5361
4907
3006
4053
2343
4265
2056
3116
771
4140
2606
2389
3955
561
5829
1379
3412
5574
565
2170
2478
4311
3420
3184
1714
2017
331
1287
1542
713
4327
1519
5556
1424
2510
1301
881
2467
783
863
5083
2045
2009
5901
3252
1375
4130
1928
85
1671
3728
4385
443
2383
2309
44
3261
3329
4697
5183
2803
5317
934
4135
709
4107
246
3532
5823
2956
4515
322
4727
2231
3524
3145
4119
5143
2397
5161
669
4603
2870
4753
1135
3165
4491
572
5613
3806
5416
754
300
1323
5419
2797
1268
2997
2190
4832
4390
194
247
2046
2846
4764
5359
542
612
2979
3147
1232
4330
3263
5264
2977
5283
4990
634
3584
2852
3384
4736
711
4115
1840
385
4964
5525
4005
5070
5951
2265
746
4683
1954
2580
5802
3082
4581
900
3026
5368
4159
3033
213
2693
1604
5109
446
775
4515
4578
1201
4592
1682
1769
5638
577
2748
516
5165
1215
2499
3271
2420
4837
2883
5325
2982
2758
2478
4090
4250
724
4496
752
1673
2648
3611
4123
5092
5809
804
2277
2110
4822
4587
4085
874
2960
5547
683
4577
4606
2325
5163
3502
520
4674
4258
1070
1105
5356
2212
2219
5416
2725
1381
902
1092
2577
1579
793
1581
5198
4895
1703
5739
4681
2974
4609
5978
4462
913
5664
102
2300
396
2497
5278
3687
4038
2370
4588
3247
5115
276
5008
1312
2053
3304
987
781
5276
2667
4318
2308
1963
5657
3740
1581
3703
4081
3672
2783
1743
1098
4281
3066
2061
1858
3613
1920
1203
2259
5467
127
4122
2388
4463
4485
2769
1089
3155
2338
401
2967
3993
5208
5767
3715
2655
4134
5278
2943
1077
5471
2693
825
1439
1644
2741
2736
1205
256
2775
4033
3175
3783
5533
1381
2872
3925
3156
781
819
1574
721
1964
5758
2649
4796
607
4759
1180
3227
1139
2888
4286
632
543
3425
5648
3600
2061
1243
3426
3771
4788
881
1450
1178
4076
1795
5327
2591
2434
3714
3299
5868
3748
1545
5847
1170
5568
3632
3110
4033
2567
724
3441
5148
2719
5204
3961
5231
1637
1395
3543
1610
2426
4771
5697
5800
4156
5426
5578
3711
919
2662
4465
2488
1830
3631
797
1186
3162
5110
1599
1216
3961
3342
5268
2283
2592
1880
5741
1428
1979
2615
2016
1327
2294
826
5739
4852
1208
1930
3575
5413
1762
3789
5518
4136
4225
2484
3625
2751
3281
2790
1330
4953
3032
1213
2619
4887
1614
5789
842
3314
2279
5620
3290
1015
109
3071
4008
3192
1730
3927
5246
4348
4364
1088
5069
1280
763
5335
3557
5334
4357
1358
1597
1766
5593
5613
3216
224
5584
4266
1423
5205
2502
5656
5720
220
2113
1923
2588
1604
5404
1968
3300
3010
4331
3289
2373
3580
2773
702
2399
1307
2143
5261
2926
5817
1123
3040
1058
5512
5454
2137
3938
2991
3433
4858
2526
2399
475
4513
3483
225
4115
437
142
4789
1952
45
2348
1177
2956
4033
4075
1402
5862
1389
1408
5420
5942
5278
3282
4094
4786
5378
5114
2293
5717
5849
663
140
1284
3344
5850
2000
1494
4200
2187
5205
4577
3980
4994
900
2836
5098
2374
47
5056
1107
826
4329
3891
1608
3719
5773
3734
5266
1627
3581
826
3413
1866
3493
3899
3785
109
591
478
826
849
688
4116
372
5535
3672
5450
4521
3966
2925
2243
1441
223
5365
3860
1161
49
2534
3492
1966
3952
2967
3409
2784
1949
5607
5602
5097
732
467
3519
1556
2016
4928
4999
2416
3309
5964
685
5293
3936
982
2952
425
2001
1809
1177
3729
4017
5980
3259
2112
4940
2072
3084
5360
3819
3859
4494
3300
4361
3715
33
1729
3233
1234
4554
2041
1999
4682
4831
3983
3664
3907
280
4658
5615
3834
4874
2307
3273
3168
5778
487
4654
3728
4718
361
3954
788
955
857
3034
4114
4201
3180
5283
3644
4970
4742
1029
777
1504
1308
1956
4733
1525
5766
1153
608
4351
1985
4635
4441
1668
1897
3407
3853
5836
3805
970
2639
4513
280
5581
5519
1745
4597
2504
640
2194
2019
1248
4321
1563
4321
4109
5662
4409
2546
1501
5718
3152
3097
4991
4836
5117
1693
5258
1762
2577
3819
1074
3542
5953
5492
3817
3774
1301
4871
1248
1278
439
605
3966
415
2750
3143
223
1980
5918
655
5005
4496
3150
1168
4247
5984
2483
1810
304
5894
4968
3605
1977
1067
4050
2777
2250
1212
2955
4671
443
3149
4002
3865
4130
4996
4568
2501
2447
4449
3766
3918
3106
1481
121
5736
2389
749
5599
5630
2201
1212
3170
5596
5449
351
5624
4546
2439
4590
2947
2026
1688
3446
5120
2913
1926
5757
936
5010
4355
4817
374
1371
1299
5382
1636
3650
3256
2928
743
2508
5927
4215
2412
5866
5555
3709
3860
3145
2151
1298
1208
3410
1988
363
4053
589
2518
5298
177
1381
2579
939
4074
4974
4943
3746
3456
949
668
2739
2113
5165
4753
88
3181
1043
1312
5165
5032
4637
5617
4089
5326
5173
362
1475
1712
3581
456
2572
1923
2610
4797
5782
38
3259
4861
1162
1472
311
2773
3619
2688
2607
1281
5908
395
1235
2494
4574
488
1520
3753
1088
1969
4085
4376
4743
5586
2766
2989
6
5450
4657
2872
5068
2763
1289
3675
4643
3613
4083
903
5199
3471
3433
483
3766
5541
3950
2114
340
4030
4271
3511
524
2059
2386
1102
2138
356
1283
4251
991
3844
4790
2011
4981
4721
5172
1805
2628
659
4602
3579
5407
247
5592
5602
1934
4421
1277
2040
3143
1270
240
5060
4184
999
1193
157
1157
4274
1568
1947
2328
4790
1977
4495
663
2331
2401
4250
3618
1645
3257
3388
4547
2363
1721
4192
5964
5947
3209
5421
2842
3003
5719
1043
3994
1713
2764
2277
3984
2578
665
180
3411
4276
692
2028
250
477
5145
1545
159
207
3984
2282
2922
2224
5122
665
4777
5871
3191
729
5892
2456
5961
5647
3897
3729
1674
5629
5918
2851
3646
3186
822
1798
1706
965
3228
5300
4182
1037
2306
1288
5964
5198
407
3039
3891
716
5065
3176
4370
4434
1894
2124
2211
4171
5739
4608
948
4634
1131
2643
4397
5042
5449
3551
5375
484
4630
439
3505
4670
3508
3624
5341
1126
2447
2782
4785
3010
4962
3391
5766
145
2818
2315
1199
5784
1041
3205
5166
1155
250
1802
2439
1857
852
5506
5712
4280
5759
2069
631
2079
1884
2327
1357
5756
3585
315
2899
3102
2440
214
2341
4053
3477
4746
3768
5245
3422
2312
5353
636
5307
5360
4732
1442
4006
455
1360
4833
1875
425
2337
3267
2915
3712
4980
897
3647
2972
5879
2726
3486
1199
229
51
38
1711
762
2227
797
2256
2866
1524
4572
3437
2187
1716
5156
4267
4486
640
2031
3645
2155
3282
1172
372
75
2063
5842
5635
1099
3933
1860
5356
1089
5488
1437
2447
455
5717
5260
4728
5266
4754
3445
5888
1414
3613
1522
5680
3732
2799
5148
133
1162
3168
2216
2775
2519
726
1234
2125
103
677
3883
3436
4492
4004
5258
3727
583
115
3723
219
4808
2916
2007
5611
5141
3515
1377
4826
558
4958
5300
4873
2635
945
4192
969
2204
2450
4780
2128
1533
1268
2691
5168
655
4788
5843
3276
3517
3661
3186
1207
5598
1403
90
1901
5090
3915
5144
627
3007
3646
3927
1310
1326
2096
4079
1504
1573
3047
5122
442
950
1180
3692
1577
4966
5815
4985
15
1215
5246
3757
281
2705
882
1542
3218
5388
1126
685
1792
5412
1922
1218
5259
3616
3285
3625
1990
3072
426
5808
4985
3698
3122
280
1676
2989
1458
2505
1942
5527
4760
210
5598
3034
4508
4436
4916
3458
3878
5799
5369
2782
4487
4017
947
4571
1935
2365
3973
1555
4827
5469
201
4358
5594
2477
5703
1595
4992
2551
2286
1700
3689
2319
2519
5619
2588
3511
1355
3183
5212
3791
566
45
2147
5219
5147
4594
5168
3821
1717
5877
3765
4079
4032
3362
3344
3832
3082
1615
1907
5106
4855
5932
3810
4683
4249
681
860
3827
4851
4922
3530
4462
2002
4231
4476
2728
119
4714
5772
1101
3987
3850
462
5102
4562
1725
4361
1148
2492
573
5126
866
3051
505
498
1509
911
2922
1893
140
5519
4331
5626
5708
823
4687
1664
4584
3795
4682
3938
1083
2790
4922
5458
3223
3745
5545
5081
3983
3512
5833
3476
5074
5457
2473
5460
1598
4628
5346
761
1818
1644
5352
1112
1004
4644
666
3431
1944
4003
792
4488
5325
3367
4080
3882
2431
2888
312
1755
746
4682
270
26
1006
1217
532
3796
3832
411
3560
4043
3998
1611
2776
1625
4515
3583
4969
3191
590
1055
671
4416
4261
4929
2859
2925
2641
4840
396
4100
530
1961
670
990
3094
5439
1521
2587
779
3042
1249
3451
5448
4649
420
3603
3771
2790
1438
2816
4872
5371
2716
4258
87
2716
5262
2862
5675
354
4217
583
5416
4524
3893
4583
624
3160
4853
286
1537
971
294
5694
2290
2516
4326
3592
3459
1009
375
2705
1617
3363
4871
4100
4091
3349
4215
2655
3183
796
2238
1259
2274
3059
1655
5046
4621
5461
263
6
5831
90
3661
849
3131
1745
668
4483
4047
1251
1509
2543
1075
5166
4080
355
4365
1540
3825
684
4989
1147
2781
4138
1971
1768
845
1674
4369
1799
3745
5049
3842
16
249
320
5044
5546
2369
132
3958
2816
3253
3921
2979
3465
5574
4075
3985
5423
2657
2421
4663
441
969
2328
3305
5305
5269
2633
3019
1663
465
5016
4676
1746
4904
5472
3
4137
4168
5750
4238
1734
1608
3297
476
3535
407
1265
2074
395
2592
660
1019
3560
66
5259
1134
834
5226
4248
4253
3641
5370
3054
1168
5798
4499
623
5092
1538
1165
118
5941
1051
2411
3860
579
3974
3340
1377
3371
2909
2532
559
2442
5590
1999
5368
5876
1899
3923
1150
1678
1799
1935
2508
4189
614
2684
5635
5424
1956
3522
4838
1703
3232
4680
1419
30
5924
2259
5415
3138
64
4232
2326
17
5800
967
980
3193
4157
3829
361
3859
45
3648
3787
1446
1134
4611
3548
2296
5694
4410
3237
3803
5594
3660
624
1041
3149
4402
1545
2395
4446
548
3083
4232
1659
203
1275
71
4027
2693
4138
2802
1078
3873
4400
3691
4329
4938
3007
4733
3360
4033
1775
2555
2197
5397
3595
3838
848
5570
692
3104
739
2992
3234
5916
670
2601
2367
2269
5250
4908
2936
1304
3371
4831
4997
4267
815
4783
3819
321
5726
4764
2275
5115
39
205
1660
1504
1126
4481
5208
1929
2532
4311
3365
2281
684
4994
2857
3189
348
2795
2995
1363
1050
5145
1493
3684
5888
5772
4933
4273
85
562
1461
437
1525
3131
198
4104
2769
3948
4946
358
1192
232
1448
125
791
1283
4409
583
5754
2630
3646
5950
5836
981
2123
2680
1440
598
3359
5733
4439
2570
1986
5153
1154
569
5316
2262
4301
3760
5475
2305
4156
2796
5449
2362
4442
4355
2712
3187
1360
2341
411
4869
5605
2188
129
4791
4707
4835
2113
2899
4483
760
1956
1451
2396
4172
3806
4071
208
1957
5283
5185
3280
47
2475
4531
52
4958
1309
310
2636
56
4515
3059
2460
3272
403
5442
5073
3872
4148
1270
4753
3373
1109
3864
3140
2332
3057
825
333
2026
2323
4804
3215
5021
1321
3308
353
1533
5646
5804
3216
5443
3191
141
2517
3635
481
3689
566
2555
3567
5040
5602
5122
4620
4950
2891
2564
5133
607
5239
1322
2107
5160
3146
4906
2048
3279
4287
5308
2713
1936
1880
2965
5136
2106
2721
2010
3960
209
409
358
4763
365
3706
677
4574
2726
1897
1161
2172
4298
916
5607
21
1943
5535
5538
1239
1156
460
5796
1875
4727
2956
1355
4574
422
4017
5352
3832
2079
3908
1474
5323
5647
179
2502
3992
4711
4349
3107
19
5193
3030
5760
4138
1928
2239
89
5131
2693
4324
317
1928
4572
534
2273
1506
1002
4820
1254
370
4078
2862
2043
3060
5451
381
913
3029
1091
1668
3022
145
2745
387
4522
3071
4350
57
4072
732
5193
4578
1517
2487
3455
4843
5909
5960
1488
5785
5766
1679
1060
3679
5135
1324
2125
5368
2216
3485
2295
1195
4536
3967
517
3921
4713
4114
4694
3096
3985
3580
4217
171
5248
2409
5657
2489
5017
3228
3992
4197
398
4183
4296
5661
4423
3899
696
4147
373
711
2019
367
5853
1971
5386
3915
3963
4737
3105
930
5321
233
3268
1646
5901
1338
5953
4081
5850
1055
1358
4859
2970
305
483
1863
2379
2488
5742
4537
5365
601
2212
698
1505
3404
5121
2379
2331
4428
1547
2546
2919
1756
1897
5968
3306
3132
2130
5446
4326
3896
5387
124
1676
4511
2762
4215
3692
338
3094
905
5336
145
1261
1260
3812
4337
405
4058
5783
5487
1677
