5000 8000
0 lauwvxbr
0 zkxhzvgk
0 bpi
0 eydv
0 vychhxxb
0 avncg
6 1
0 sy
8 1
3 1
0 dsofyqr
1 9
1 12
9 1
14 1
0 tyf
1 12
1 14
12 1
1 1
14 1
2 1
18 1
15 1
1 15
23 1
8 1
1 8
1 9
1 11
18 1
22 1
26 1
1 21
21 1
32 1
1 29
1 24
22 1
35 1
23 1
35 1
1 40
29 1
43 1
34 1
35 1
37 1
1 48
40 1
31 1
1 49
48 1
1 39
1 50
1 53
43 1
39 1
46 1
57 1
1 52
1 49
48 1
54 1
64 1
1 50
1 66
63 1
1 58
1 62
62 1
65 1
1 65
69 1
63 1
67 1
1 62
1 71
1 62
1 60
78 1
62 1
1 64
65 1
1 72
1 85
82 1
73 1
86 1
1 74
1 90
86 1
81 1
86 1
82 1
81 1
1 84
87 1
95 1
87 1
1 83
1 101
1 101
1 86
89 1
1 103
1 101
92 1
93 1
1 95
1 94
99 1
1 108
1 107
98 1
115 1
99 1
115 1
1 101
1 107
1 105
1 111
1 106
1 117
116 1
124 1
119 1
1 117
1 109
114 1
1 124
1 119
115 1
117 1
1 127
1 125
130 1
133 1
1 136
1 136
123 1
129 1
1 136
1 140
1 142
145 1
142 1
144 1
1 143
131 1
136 1
1 141
1 139
1 147
153 1
1 142
1 145
138 1
142 1
1 157
1 144
153 1
150 1
1 146
1 159
160 1
1 157
1 167
1 161
159 1
152 1
1 159
1 169
170 1
1 166
159 1
164 1
1 169
1 168
165 1
168 1
166 1
165 1
1 168
1 168
1 174
1 178
187 1
170 1
1 176
1 180
1 173
1 185
185 1
178 1
191 1
1 195
194 1
187 1
1 188
1 187
2 183
186 2
199 2
2 201
2 197
198 1
200 1
207 1
2 201
191 1
1 204
210 1
1 202
203 2
2 205
214 1
198 2
2 205
2 215
1 201
204 2
211 2
213 2
1 211
216 2
217 1
1 218
219 2
1 218
2 227
2 213
2 216
223 2
218 2
1 224
1 225
2 231
221 2
234 1
231 2
225 1
1 224
230 1
227 2
2 243
236 1
243 1
241 2
2 233
2 238
241 2
237 2
1 240
242 1
238 2
256 2
244 2
1 253
249 1
2 247
2 260
2 259
258 1
2 264
255 1
1 261
249 1
249 2
2 264
2 265
2 263
262 2
2 266
268 1
2 259
269 1
2 266
265 1
2 274
272 1
265 2
264 1
277 1
1 282
266 2
272 2
287 2
282 2
283 2
2 274
1 282
280 2
279 2
292 2
1 283
282 1
282 2
280 2
299 2
3 296
3 289
290 2
297 2
2 301
2 297
3 296
305 2
289 1
304 1
298 1
293 2
305 1
1 310
2 312
299 2
310 3
3 305
305 2
3 307
301 1
311 2
2 313
1 306
1 308
322 2
2 309
3 320
312 3
323 3
330 3
327 1
2 314
3 323
1 323
2 332
332 3
320 3
330 3
329 3
1 340
330 3
331 3
324 1
2 343
1 341
334 3
1 341
347 2
337 3
338 3
335 2
2 345
352 1
339 2
2 344
3 338
2 342
3 345
341 1
3 350
2 361
1 353
3 351
346 2
1 362
1 350
352 1
3 361
357 3
1 359
366 3
359 3
370 1
1 357
366 1
367 3
372 2
2 364
368 1
371 1
2 371
367 2
377 2
383 2
2 374
381 1
380 3
1 385
3 379
2 386
3 377
387 1
390 2
389 2
3 386
380 2
381 3
393 2
395 2
4 398
385 1
1 383
390 3
395 2
2 400
401 1
1 388
4 408
404 1
3 400
1 395
393 2
1 394
2 400
2 407
2 398
416 3
1 400
409 2
1 401
4 405
422 3
418 1
2 423
4 424
3 408
411 1
420 4
2 414
1 420
420 4
1 428
2 429
434 1
419 4
1 424
424 4
419 1
431 3
2 427
1 434
432 3
1 438
434 1
433 4
434 4
2 434
443 2
4 443
2 431
3 436
4 447
2 436
452 4
3 444
440 1
3 441
450 2
458 3
456 3
1 461
448 4
4 453
1 455
450 2
462 2
1 461
4 455
2 453
3 456
2 465
460 4
4 457
2 471
464 3
475 2
459 4
476 3
3 476
472 2
4 478
4 481
4 473
476 4
473 2
4 481
471 2
475 3
4 471
3 490
480 1
484 4
4 478
4 484
495 1
3 486
489 3
4 486
499 3
1 499
488 5
3 500
4 491
1 500
3 490
506 4
5 501
500 2
493 2
498 5
2 494
5 510
502 3
504 1
510 4
2 511
5 502
3 505
3 502
2 513
516 3
520 1
3 520
509 5
2 506
4 525
3 515
3 520
3 524
512 2
518 5
524 5
2 527
525 5
2 535
5 532
3 524
526 4
534 1
1 534
524 3
532 4
528 5
3 542
536 4
4 527
2 529
2 531
535 2
1 533
538 4
542 2
535 3
3 542
548 3
4 550
549 5
556 2
557 3
2 550
2 555
4 561
3 546
563 5
5 546
3 560
553 2
568 2
566 5
559 3
562 5
558 5
2 571
1 558
2 560
559 3
4 565
559 3
561 1
2 570
3 565
3 568
575 3
565 3
575 3
580 2
2 570
2 583
585 1
579 3
591 4
576 4
4 590
588 5
585 2
5 593
582 4
585 4
3 597
3 595
601 5
590 6
2 584
591 4
1 591
6 592
591 4
589 4
5 608
601 4
5 610
2 595
3 605
2 599
1 611
609 1
613 6
1 602
617 3
1 610
5 610
605 2
4 617
617 3
1 608
619 4
626 4
617 2
619 1
3 623
618 1
620 5
6 614
632 4
6 629
6 630
4 637
6 628
620 6
634 6
2 636
1 638
1 635
5 625
639 3
1 640
634 3
2 646
4 638
636 3
648 5
3 636
638 2
3 651
641 1
644 4
644 6
4 656
4 649
5 646
661 3
1 649
2 645
4 651
662 3
5 663
2 665
657 1
6 651
1 666
660 1
4 656
654 4
2 674
668 4
1 674
665 6
660 5
668 4
668 5
679 6
2 663
668 6
670 4
1 674
1 683
670 4
679 1
671 1
2 688
680 3
2 674
692 4
680 5
5 692
693 2
679 2
679 4
699 4
2 697
692 2
4 699
686 3
4 691
1 699
5 703
692 3
691 6
693 5
4 701
6 692
701 2
4 698
3 701
712 4
700 3
2 701
5 708
712 7
709 6
3 710
2 706
6 723
706 4
1 707
2 715
718 7
710 5
3 724
1 714
729 1
3 714
7 720
4 732
732 5
4 729
3 736
2 734
730 6
725 7
722 4
5 738
743 6
727 5
7 730
744 3
7 745
6 744
7 735
7 747
749 3
741 7
6 750
737 3
749 7
746 4
754 7
7 750
4 758
4 754
4 748
747 5
5 758
2 764
7 760
4 748
4 749
750 3
4 757
755 1
6 763
759 6
3 771
767 4
756 4
5 771
5 763
775 4
760 2
771 6
770 1
5 767
4 779
7 773
778 1
2 780
782 1
5 783
6 779
1 781
1 784
1 787
6 784
777 3
780 3
3 796
789 7
786 7
782 7
783 2
792 5
791 7
8 789
6 798
798 6
788 2
807 5
2 802
798 5
808 1
798 1
799 2
2 797
808 8
7 811
4 814
800 1
3 809
6 812
803 3
7 821
817 6
822 3
2 815
812 1
821 3
816 1
816 4
7 818
4 819
1 824
1 814
6 817
8 827
829 3
4 828
8 830
3 831
821 5
831 3
2 832
841 4
841 2
838 8
828 7
835 6
835 2
7 841
4 837
835 2
836 1
7 850
849 3
4 849
4 845
852 3
856 6
854 4
8 848
852 2
2 856
1 859
858 6
5 848
863 5
866 4
851 5
858 3
5 854
6 851
870 8
857 3
8 855
865 1
1 870
876 4
4 864
864 2
869 3
871 3
6 873
8 874
872 3
7 871
5 875
867 4
8 871
878 3
7 884
887 5
876 6
8 876
1 878
5 879
1 893
881 8
3 897
897 8
898 5
7 899
885 4
891 7
2 888
3 895
9 889
4 900
903 5
899 5
2 894
909 4
9 901
910 7
2 905
7 905
3 896
3 915
905 7
5 903
4 907
920 1
914 8
2 918
6 909
3 924
2 915
1 926
9 909
8 927
921 2
915 9
928 1
916 8
5 927
4 921
7 933
1 925
9 920
925 4
937 8
7 927
7 924
929 9
941 9
943 3
3 928
938 6
933 1
7 945
941 4
948 9
5 937
3 939
941 4
953 7
948 3
944 8
7 955
939 8
4 952
6 957
961 5
9 944
7 957
1 962
8 959
7 960
957 7
1 955
2 955
9 956
959 9
963 4
960 8
967 5
9 957
7 976
6 964
2 959
4 967
967 4
963 8
970 4
6 972
5 976
980 9
3 968
9 987
6 972
6 984
8 981
988 3
8 978
1 984
993 7
986 1
6 990
5 993
982 9
9 988
7 996
994 10
1002 3
1003 2
5 1004
987 1
996 5
10 996
6 1002
6 1009
10 1001
994 4
10 993
3 1003
1009 7
10 1010
6 997
1007 4
1007 8
1004 4
1003 2
1011 2
10 1011
10 1006
2 1021
1006 1
1018 9
1017 3
1019 8
9 1029
1019 4
4 1022
1032 5
6 1024
10 1029
1032 3
1021 2
5 1020
9 1031
7 1028
1026 8
5 1041
1030 5
1 1024
1028 5
6 1028
1032 6
1031 7
1042 10
2 1042
9 1037
1 1042
1035 2
1 1049
2 1040
1038 10
1051 10
8 1050
4 1044
1040 10
1053 1
1059 10
1052 5
1047 9
1056 3
1060 4
1065 6
1067 4
8 1058
1059 3
1070 10
10 1062
1060 5
1058 7
4 1056
1069 5
1068 2
4 1065
2 1066
1079 8
7 1065
2 1065
1079 1
6 1064
9 1074
1067 3
1070 4
1069 8
8 1082
1087 1
3 1084
8 1084
1080 10
6 1092
2 1090
1076 3
1 1089
1095 3
1088 3
1096 10
1095 5
8 1098
1100 4
2 1098
7 1100
1089 10
7 1106
1106 5
1098 4
7 1091
5 1093
1107 11
1101 7
11 1112
5 1105
1112 4
11 1104
1114 5
7 1107
4 1104
10 1116
1106 7
3 1121
11 1105
4 1114
4 1117
11 1126
1116 3
1120 9
7 1112
1127 1
1 1121
1116 8
1120 2
8 1129
8 1122
6 1119
4 1127
1119 9
1133 11
1121 10
11 1140
1137 7
1132 10
1141 6
3 1131
11 1138
1144 6
11 1148
1146 4
1145 10
3 1134
3 1150
2 1142
1137 7
1 1138
5 1142
11 1144
4 1158
8 1151
1144 10
1153 9
9 1158
1152 10
5 1162
10 1149
5 1154
7 1152
1165 2
1152 7
11 1166
3 1153
1153 2
3 1159
5 1163
1175 4
1161 3
1172 3
1176 2
4 1169
1161 3
5 1180
1169 3
1166 2
11 1174
1179 7
10 1181
8 1178
1182 7
7 1184
10 1185
1178 1
1185 9
9 1177
4 1189
3 1176
4 1186
1183 4
1182 2
1194 4
7 1185
6 1195
1197 2
1184 10
3 1202
7 1198
1195 7
11 1199
8 1197
12 1205
7 1209
1201 7
3 1203
1210 11
1198 11
9 1207
1213 4
1202 6
5 1205
1204 5
4 1202
1215 8
1209 2
1204 2
4 1210
10 1210
6 1225
8 1216
1217 3
1219 3
1213 3
1229 9
1213 7
5 1223
5 1232
11 1234
1226 3
3 1221
9 1219
1235 2
1231 3
8 1237
3 1224
11 1224
2 1234
1 1230
1240 2
1239 6
1238 7
1235 7
5 1249
1234 2
10 1246
1 1247
11 1249
1241 11
1241 12
11 1254
1245 3
2 1259
1249 3
4 1252
1248 7
8 1252
1254 9
3 1264
1255 10
9 1265
11 1261
1 1267
1259 4
1267 5
10 1253
1268 6
1264 2
1268 8
1274 12
4 1265
8 1276
1 1265
6 1278
1273 2
5 1263
1280 9
1278 6
2 1271
8 1284
4 1285
1287 9
5 1280
1278 7
1278 10
7 1285
12 1274
8 1287
2 1294
7 1288
7 1279
6 1298
11 1298
10 1285
1293 2
1 1293
1300 3
1289 1
12 1305
1292 1
1294 1
7 1291
2 1298
13 1302
13 1307
1295 8
1294 13
1299 10
1315 7
1308 10
1302 13
12 1309
1309 1
12 1308
2 1308
1321 12
1 1309
1314 4
2 1307
8 1323
1319 3
3 1318
7 1313
1317 9
1322 10
1316 12
1326 12
8 1319
11 1326
1336 11
1331 2
1331 11
1336 4
1323 5
8 1333
3 1331
9 1324
1340 12
1339 5
1343 4
12 1334
1346 10
1337 1
1335 9
1337 10
11 1342
1352 6
13 1342
1349 8
1342 8
3 1357
1351 4
1346 4
1360 11
1352 12
6 1360
11 1361
1363 11
11 1351
13 1364
1367 8
10 1357
1 1369
10 1355
1365 10
1353 13
1361 8
9 1364
1 1357
1368 6
12 1374
1366 12
2 1360
6 1379
10 1375
1372 4
9 1374
12 1375
8 1369
12 1369
2 1374
1369 5
1377 5
1386 6
1388 12
10 1389
1379 10
7 1384
1 1381
2 1396
1391 2
5 1384
1382 6
12 1392
1382 2
1399 8
1387 4
1400 14
14 1390
8 1406
1399 12
1392 11
8 1406
12 1405
1393 6
7 1396
14 1404
6 1412
1409 6
1413 1
13 1399
1403 1
1 1400
10 1408
1414 5
1422 4
1423 14
8 1406
7 1414
5 1420
1413 2
1409 6
1425 4
1424 6
5 1427
2 1426
1422 1
2 1429
1434 11
6 1434
1 1431
1419 4
2 1428
1 1436
2 1433
1439 14
10 1431
1 1427
9 1438
1431 3
4 1444
1439 14
9 1447
1449 7
1 1437
1447 4
1439 12
1447 1
8 1453
13 1437
1454 7
1449 3
1 1440
1441 11
10 1452
3 1450
1463 9
1449 11
1450 14
1455 6
1 1453
1454 8
5 1461
1461 13
13 1463
1455 10
1455 11
1456 9
1461 6
13 1463
1471 14
14 1466
1465 9
13 1477
14 1477
1480 12
1467 2
1471 11
1482 3
10 1484
9 1482
1469 14
1 1483
1487 7
10 1489
1491 3
9 1482
1478 14
1489 8
1483 1
1485 2
11 1498
1489 10
1481 3
15 1485
12 1483
5 1497
12 1498
1488 3
5 1505
1504 12
1489 10
1507 4
4 1506
5 1505
1512 15
1495 10
10 1507
2 1503
1504 4
1510 12
1507 4
7 1515
1501 9
1516 11
5 1519
5 1520
1 1506
9 1511
1507 3
12 1520
1522 14
1527 4
9 1525
1512 8
5 1516
1517 9
5 1531
1527 10
5 1527
13 1524
1521 12
6 1535
1530 9
1527 7
2 1542
1524 10
13 1531
10 1528
11 1529
1530 2
7 1533
12 1544
9 1531
1546 5
1548 15
1548 13
1538 10
5 1553
1539 1
1543 15
1544 11
14 1548
1551 8
10 1544
1545 14
13 1545
6 1558
1548 6
15 1559
6 1558
1554 3
1555 4
7 1559
8 1552
1567 11
10 1556
6 1566
12 1562
11 1568
7 1563
1565 7
9 1562
1573 9
1575 12
1579 6
9 1582
1 1579
1571 2
1576 3
11 1586
6 1573
1570 14
1587 10
1572 11
8 1581
8 1590
15 1581
1589 4
8 1581
1579 4
1579 2
1 1594
1597 13
1 1583
1592 2
1589 16
1596 6
1604 4
1605 3
7 1599
11 1604
1595 8
1594 14
1608 1
1596 3
6 1594
10 1614
14 1601
1 1601
9 1614
11 1605
3 1603
13 1613
1 1606
5 1608
1623 13
11 1605
14 1609
4 1611
9 1618
16 1626
1611 5
1623 13
1 1627
12 1632
6 1632
1620 3
1619 1
1620 15
1621 6
1636 8
10 1623
15 1627
14 1627
1640 7
4 1641
1625 8
14 1626
1639 14
1647 10
11 1634
15 1647
1 1633
15 1637
11 1646
14 1646
1646 12
1640 9
3 1654
1653 1
1647 10
1647 4
16 1650
5 1647
2 1644
1651 16
6 1648
3 1646
16 1665
1660 15
5 1649
9 1651
1656 8
12 1654
1664 5
1661 4
1662 15
12 1665
1669 12
1665 14
1675 3
10 1667
13 1673
1670 10
6 1677
3 1674
9 1679
7 1682
9 1674
14 1682
3 1688
11 1677
1675 1
14 1691
1690 2
1686 11
14 1676
8 1687
11 1685
1696 8
1683 11
2 1694
1693 10
1692 14
1702 12
1688 4
1689 5
10 1692
1697 12
1695 2
1695 4
3 1695
1693 14
1692 9
1709 16
1699 15
1705 1
13 1700
10 1709
17 1708
1704 13
1718 12
1711 13
4 1703
14 1719
15 1717
1711 16
1724 17
6 1711
17 1711
13 1716
1715 1
1713 9
3 1715
3 1731
1717 10
14 1729
1720 7
13 1731
1732 4
1732 15
15 1731
6 1735
1740 2
9 1729
5 1740
10 1742
1726 3
4 1741
1746 6
1737 3
2 1737
4 1743
1739 3
1737 13
1743 6
1742 6
1747 15
1742 3
1754 9
15 1742
1 1745
15 1755
15 1757
15 1747
1 1754
1757 17
15 1759
1757 12
1766 11
3 1760
1 1760
7 1770
1758 15
1772 7
16 1756
17 1772
1768 5
16 1768
16 1759
7 1759
1768 9
17 1768
1770 11
1771 9
1778 5
13 1768
11 1774
1779 2
13 1777
1 1775
1772 13
15 1788
16 1790
1782 1
1791 3
15 1789
1786 3
1794 17
1779 16
1780 5
13 1786
1781 10
1798 13
3 1799
1796 14
1792 7
12 1801
1 1787
3 1805
12 1807
7 1797
5 1810
1801 3
1796 13
16 1795
13 1813
1811 15
1807 13
1804 4
14 1816
1800 6
16 1815
1803 5
1803 1
1804 8
18 1820
7 1816
18 1819
1812 8
9 1827
1827 15
9 1826
1812 17
14 1820
12 1828
3 1827
1 1835
1826 16
15 1831
15 1827
1828 4
1829 5
1828 14
10 1842
1828 16
17 1841
16 1845
18 1832
1838 17
7 1847
8 1838
1840 1
6 1832
16 1837
4 1841
3 1837
6 1839
14 1848
1851 3
1846 8
1854 16
1858 3
1857 10
16 1853
1859 10
17 1861
9 1849
1863 10
10 1859
1864 12
3 1857
1867 7
1860 9
1870 18
18 1854
1859 5
1873 17
18 1870
2 1870
1877 18
3 1861
1878 3
11 1876
1864 11
1883 3
5 1868
1866 7
5 1879
1885 7
1877 1
1871 14
1882 4
1876 17
4 1889
1891 5
2 1885
17 1878
13 1886
1891 17
1897 12
1 1893
14 1885
1886 8
19 1894
1895 15
15 1898
1896 4
1906 11
12 1889
1902 2
1904 9
1906 1
7 1911
19 1896
1911 6
2 1914
6 1902
1 1906
1917 5
1908 14
6 1900
4 1911
1914 11
4 1918
1921 12
17 1923
18 1922
1921 9
1927 2
2 1922
1 1920
18 1915
1915 3
1913 13
6 1922
1922 2
1920 14
2 1928
4 1924
1919 19
17 1927
14 1926
17 1939
18 1937
1937 19
16 1933
15 1927
11 1935
1945 8
1942 10
1 1947
9 1940
3 1948
13 1938
1938 3
1941 5
1940 10
1944 11
14 1956
4 1954
1952 4
1943 2
1950 11
1949 5
1962 15
11 1945
1949 6
1958 14
8 1953
11 1966
1953 10
1953 9
11 1964
1969 17
11 1968
15 1973
1967 18
1957 18
1974 4
15 1969
13 1977
1970 12
1979 11
1974 12
1977 3
1973 6
15 1980
1977 5
1968 12
1977 1
17 1977
1972 18
16 1974
13 1984
10 1986
1979 3
1980 17
1990 13
1981 1
1984 4
2 1988
1994 3
1998 1
1998 8
1996 1
5 1990
1995 17
1996 18
20 2006
1994 19
1 2002
10 1995
2004 14
15 2010
2010 3
4 2004
2009 7
2 2013
13 2000
3 2001
17 2017
2020 6
7 2016
6 2018
20 2018
2009 7
4 2012
3 2012
8 2024
2009 20
2 2029
2 2020
2018 19
18 2017
11 2032
2032 6
2030 1
12 2036
13 2034
2035 20
8 2021
2027 14
4 2026
15 2034
11 2031
2032 2
2041 15
9 2040
20 2032
12 2043
2031 17
19 2044
2033 18
12 2052
19 2038
2045 15
6 2039
5 2042
15 2055
13 2058
16 2047
2058 18
11 2056
16 2049
2063 19
7 2049
19 2061
18 2047
2063 17
2054 19
2056 13
2070 9
10 2057
2055 11
19 2059
1 2063
2065 8
2059 14
20 2065
6 2076
2069 11
18 2070
12 2076
12 2065
14 2070
10 2076
2073 15
4 2083
2084 14
18 2079
5 2081
2079 19
18 2086
2079 13
2093 7
2078 3
5 2076
2087 12
3 2078
2082 18
20 2084
19 2084
2093 10
2100 16
2102 15
8 2085
18 2090
2100 17
12 2099
6 2098
5 2095
2109 19
2102 21
2110 19
18 2106
2100 8
8 2100
2109 12
2109 12
12 2102
2110 7
2105 16
2110 6
2104 19
2109 4
7 2121
10 2112
6 2120
2126 18
2115 3
5 2112
2116 4
9 2120
16 2123
3 2117
7 2133
9 2131
2120 5
2123 12
2131 8
9 2124
17 2128
18 2138
7 2134
2129 7
11 2131
17 2142
11 2137
2147 17
16 2129
19 2145
16 2146
2151 12
2 2145
3 2142
2152 6
19 2138
21 2147
19 2151
2150 19
21 2149
2152 10
2142 5
2158 3
20 2157
17 2151
19 2150
11 2150
2158 4
6 2152
1 2150
10 2167
16 2165
14 2155
2156 14
19 2157
2161 16
9 2162
3 2169
2166 1
19 2170
9 2163
10 2180
2165 16
2182 8
8 2176
2169 17
9 2170
2180 21
2171 9
2182 19
16 2171
4 2179
17 2190
2181 1
6 2191
5 2192
2178 5
2184 21
2192 17
11 2182
2188 1
2200 19
1 2183
2200 7
2201 18
22 2202
2193 11
19 2188
17 2202
2194 11
2193 15
2192 15
6 2209
2194 18
2210 9
11 2210
17 2201
2211 7
5 2199
19 2207
21 2204
10 2208
2220 9
20 2217
1 2211
2 2224
4 2225
2220 11
20 2217
2225 1
9 2216
11 2215
2224 14
14 2225
10 2217
14 2228
2221 6
20 2228
2237 14
2226 14
17 2239
2231 16
1 2226
19 2238
4 2244
19 2234
19 2228
2234 5
4 2244
2244 6
5 2250
2232 21
2250 17
16 2236
8 2236
2 2255
15 2247
2256 7
2246 12
13 2249
2253 1
13 2256
20 2261
2255 4
2251 16
2 2256
2258 1
2260 6
12 2249
2253 7
2253 7
11 2262
4 2267
20 2265
7 2269
17 2259
2259 17
16 2259
15 2259
17 2262
6 2274
2263 4
3 2272
10 2273
3 2283
9 2274
2284 11
5 2286
8 2275
21 2278
2289 16
2284 8
2291 18
2276 12
2294 15
2291 2
14 2280
6 2285
5 2291
2291 7
2299 2
2297 3
4 2297
2299 10
15 2293
2303 16
2287 6
16 2289
10 2292
2294 17
23 2291
2294 21
2307 7
12 2311
18 2314
5 2308
2310 21
9 2299
13 2308
2304 22
2309 7
5 2314
2309 5
2305 13
12 2318
2309 16
20 2318
2313 4
2323 1
5 2320
19 2320
2314 13
5 2320
2328 9
12 2332
2318 14
1 2325
2331 4
2338 6
2321 7
2338 4
2328 22
2 2340
17 2335
2338 22
3 2345
2340 10
2341 16
2347 13
11 2333
2333 4
16 2349
22 2347
2339 21
2340 20
12 2347
18 2356
2343 16
2346 21
5 2358
2344 6
2353 21
12 2349
6 2355
2360 14
2360 14
2360 16
2351 3
23 2366
2367 9
22 2365
2364 23
18 2365
2372 9
4 2362
2375 14
7 2373
7 2375
18 2373
2362 8
2362 17
2371 14
11 2379
10 2375
5 2375
6 2371
15 2371
2380 14
8 2371
17 2381
2373 3
2373 3
1 2387
17 2383
2387 6
22 2390
23 2388
23 2397
2385 1
2399 21
2391 22
21 2391
2385 18
20 2399
2400 15
2394 6
2403 15
24 2406
2394 7
2409 7
3 2399
12 2409
2408 7
2399 4
17 2412
2405 2
2402 15
2417 4
12 2414
2415 13
15 2418
2415 12
16 2409
2405 15
2411 7
2420 22
3 2411
8 2411
12 2421
2 2423
2417 11
2421 6
13 2424
21 2419
2422 18
3 2430
2429 15
1 2432
2425 12
2433 6
13 2440
1 2441
2425 16
2435 5
2429 15
2438 24
2438 16
18 2439
2445 17
3 2447
2436 5
2438 5
2443 13
9 2444
16 2444
4 2438
23 2454
6 2449
2445 7
2455 16
18 2459
23 2443
7 2443
16 2454
16 2451
2451 10
21 2459
5 2465
2460 8
12 2469
2454 17
2469 13
4 2457
17 2470
2465 10
2463 5
2473 2
2466 6
2461 23
15 2476
5 2461
6 2464
2470 6
12 2468
8 2481
22 2485
16 2474
2471 8
2481 7
11 2483
18 2482
2482 10
12 2492
23 2478
2485 14
2494 13
2480 1
2486 3
6 2485
2482 20
2486 18
17 2497
8 2491
20 2488
2497 9
2496 24
2497 11
2506 14
2491 5
2509 8
17 2504
2493 2
2504 21
2513 6
2506 25
2511 11
8 2505
2501 3
2505 18
2502 19
2510 15
12 2506
23 2516
11 2505
10 2513
25 2510
2525 19
21 2515
2528 21
2522 16
21 2519
5 2515
2515 13
22 2523
7 2522
1 2524
2527 14
2524 14
3 2523
2522 18
19 2528
15 2541
2523 23
24 2542
2538 10
22 2532
2534 22
2543 18
2540 16
2532 15
24 2537
2537 16
20 2552
2539 7
14 2545
2555 23
2556 23
2555 4
2550 17
2546 16
15 2556
12 2546
2549 9
2545 17
5 2555
24 2562
2558 7
2549 16
2557 13
2564 24
2558 4
2 2556
10 2560
3 2561
2569 16
23 2571
2573 2
2560 23
2560 8
25 2574
2579 11
17 2569
22 2566
17 2576
2576 9
4 2579
2585 1
2571 21
13 2588
3 2581
2587 7
2574 7
9 2574
2586 11
2585 7
2594 9
16 2587
2588 21
6 2591
2599 6
4 2591
22 2593
18 2583
2586 23
2598 23
2589 18
2 2605
14 2592
14 2604
2608 8
7 2598
2603 15
2612 22
7 2605
2605 10
2598 22
10 2598
6 2605
2616 24
2619 9
2615 7
2616 3
24 2611
26 2621
2611 12
2612 12
2621 14
2623 20
19 2609
2616 14
20 2613
2614 21
9 2613
2616 20
2633 3
17 2617
20 2626
2629 19
2632 22
21 2636
21 2631
2636 23
2638 16
2639 19
23 2642
2643 25
16 2639
26 2638
20 2634
2646 25
2647 7
2636 17
2637 7
6 2639
26 2635
13 2650
24 2646
21 2642
19 2645
2648 4
25 2657
2653 16
13 2644
6 2646
2652 13
9 2646
18 2649
18 2650
2666 8
20 2658
2654 10
10 2667
2 2658
17 2668
2673 19
2664 15
2 2670
2668 12
2659 13
7 2668
2676 23
8 2670
1 2672
15 2680
4 2671
3 2678
2675 7
2681 13
3 2677
4 2675
2678 3
2674 8
6 2677
2685 19
18 2686
2688 1
3 2683
2681 4
22 2690
7 2692
11 2681
15 2700
2696 11
12 2686
9 2685
2689 25
5 2693
2701 27
2 2702
2700 22
2693 20
2711 9
2698 25
2712 25
6 2697
2706 22
9 2698
2707 17
5 2708
15 2700
2701 10
2 2715
2714 4
2705 1
2724 24
19 2711
2725 3
2719 20
8 2726
2729 25
24 2717
3 2714
2728 22
11 2724
2716 16
2735 21
5 2723
24 2718
2720 8
2723 5
2726 27
17 2729
12 2733
2729 13
2730 20
2730 2
2739 3
25 2736
9 2737
2742 24
25 2733
2 2737
19 2749
19 2738
2743 25
2743 7
4 2752
8 2744
17 2749
23 2757
2755 12
2746 13
2746 16
4 2763
9 2753
2747 5
2750 20
18 2762
1 2758
21 2757
2768 1
2754 21
2757 17
7 2767
2767 26
2762 18
10 2768
4 2766
20 2772
25 2767
21 2780
6 2769
2769 5
2774 19
1 2780
22 2776
2781 15
2779 19
2782 9
18 2787
15 2773
6 2778
22 2788
27 2782
16 2790
17 2788
16 2781
12 2794
2789 18
2791 13
2784 27
12 2783
2793 17
11 2786
26 2798
4 2805
4 2799
2806 18
5 2807
11 2808
1 2808
2806 25
7 2800
2800 24
2809 21
10 2797
20 2804
8 2813
2808 18
5 2808
2815 3
21 2807
25 2809
7 2817
25 2809
2807 10
23 2822
21 2813
2820 14
2824 9
7 2821
23 2822
18 2828
5 2832
2816 8
2827 1
2824 5
18 2824
5 2828
2834 27
2840 6
2839 2
2824 14
2834 2
2835 2
2841 11
2842 26
2843 7
1 2845
2840 17
2838 28
2832 18
2851 25
7 2845
5 2853
21 2844
28 2843
14 2855
20 2840
28 2843
4 2848
2855 22
2844 13
11 2855
25 2859
2855 7
15 2851
2856 25
2862 13
7 2853
2863 7
15 2865
2870 19
23 2872
10 2870
10 2870
28 2866
2872 10
11 2862
24 2875
2880 18
12 2870
12 2879
13 2866
3 2884
12 2869
2877 6
2869 4
2873 15
5 2883
2880 10
11 2889
2880 4
1 2885
23 2877
2882 24
2881 25
2895 2
5 2885
2885 12
23 2884
5 2885
29 2890
2885 16
2894 24
2901 4
2890 6
1 2895
8 2891
2892 19
5 2895
17 2907
2 2896
7 2907
2897 20
1 2901
5 2905
7 2912
28 2913
2914 6
7 2917
6 2911
2907 5
2911 2
2915 3
14 2922
2922 16
27 2914
2922 3
2927 1
14 2917
26 2916
27 2913
2920 24
2921 17
11 2923
2917 18
3 2933
2928 22
8 2938
19 2922
2928 15
2934 11
2925 15
2943 26
2928 7
28 2929
13 2936
29 2945
2947 6
22 2937
2940 4
23 2946
17 2946
2940 11
2951 14
2 2940
2943 24
2951 2
2952 3
2959 5
2942 24
17 2962
2960 25
2960 16
2952 16
20 2948
20 2950
2960 7
24 2964
2966 17
10 2971
21 2960
27 2957
9 2959
2969 4
21 2975
16 2963
2973 5
2968 24
2961 1
2980 27
19 2966
7 2966
14 2973
2977 19
4 2969
14 2970
2970 24
2986 24
2986 12
6 2986
2988 10
2993 16
4 2991
5 2977
12 2978
2992 19
13 2985
2991 21
2991 1
28 2984
29 2984
20 2984
1 2988
3004 24
3 2993
2995 19
2997 6
24 3000
2999 10
2992 10
3011 23
2995 5
2999 7
3004 7
2997 6
3003 24
22 3003
3008 7
3019 20
3009 22
3016 9
3014 14
25 3017
9 3013
3018 23
3023 1
3019 12
3020 14
24 3014
5 3016
3013 20
22 3018
3031 29
16 3035
20 3020
3030 9
12 3020
3033 25
3036 15
3036 16
12 3034
26 3040
3037 17
20 3042
28 3036
3044 14
2 3031
9 3048
3035 23
3047 22
26 3045
16 3049
9 3043
4 3041
4 3038
14 3047
3041 19
3053 28
3054 13
19 3047
3053 13
3049 7
14 3058
3046 14
3053 6
12 3055
3061 5
21 3066
3064 20
16 3067
15 3068
3057 16
3067 14
3063 13
26 3057
3063 28
27 3061
22 3076
7 3070
1 3079
3073 27
12 3082
14 3069
13 3085
29 3067
3076 30
18 3072
3086 9
3071 21
3073 5
21 3079
3082 17
3078 14
3079 4
3077 16
3082 20
3088 27
15 3085
3098 25
3086 12
6 3100
3092 9
19 3092
10 3101
3101 8
3088 11
1 3098
3099 25
28 3099
25 3104
3097 29
3 3096
3106 26
25 3106
30 3098
1 3101
29 3105
18 3106
3112 23
2 3108
20 3119
4 3116
10 3117
22 3115
3118 20
3122 9
3110 4
19 3127
27 3124
19 3116
3114 26
3121 4
3129 29
3123 2
3132 10
3123 12
11 3134
3126 30
26 3122
21 3128
8 3138
17 3136
25 3137
8 3142
3135 13
3140 12
9 3141
3134 18
27 3139
20 3150
18 3146
3150 7
3145 20
3143 17
3152 7
3140 7
3141 11
3 3144
3150 16
3146 2
3157 18
3147 23
27 3151
8 3154
14 3163
3160 18
5 3165
30 3151
3164 19
8 3168
12 3170
3167 23
3162 23
3156 13
3 3163
3161 15
3168 7
3169 28
3171 24
7 3171
3166 9
7 3177
18 3172
3170 11
12 3174
3186 17
3171 6
3184 28
13 3181
3179 31
17 3173
7 3188
17 3178
3178 8
2 3195
1 3193
24 3189
17 3186
3195 25
3186 16
12 3192
3196 23
3 3196
17 3199
3188 19
3207 8
3201 19
4 3207
3191 3
7 3192
11 3198
7 3211
3199 27
27 3196
3213 26
3217 23
2 3215
19 3216
3204 16
15 3217
10 3204
21 3215
29 3205
3211 11
17 3213
3217 10
3225 19
3224 1
3227 14
32 3215
3225 13
28 3221
3218 31
3216 2
3225 23
3219 17
9 3230
3226 5
3234 6
3223 19
27 3223
1 3235
18 3243
3241 14
3233 25
3244 6
29 3230
14 3237
3232 4
3237 3
23 3246
3235 18
19 3244
29 3251
14 3251
28 3239
24 3258
3256 18
3243 17
15 3246
3256 11
3250 12
5 3245
3258 10
3257 15
32 3250
4 3258
3265 24
3261 28
21 3271
3256 9
14 3272
24 3256
3274 4
12 3276
3269 14
18 3274
3273 7
8 3267
3270 25
3271 13
3272 4
3266 14
24 3268
3283 19
3271 29
20 3272
25 3280
12 3282
3273 2
3280 5
28 3285
3291 8
4 3278
16 3296
14 3282
3289 11
3297 29
3284 1
17 3299
2 3299
22 3299
26 3290
22 3286
3299 12
3297 12
32 3308
19 3296
3294 28
8 3311
9 3312
30 3309
3314 21
3305 18
5 3309
26 3314
3309 33
24 3309
3310 32
3319 5
20 3321
3308 11
3305 7
3322 3
3323 6
3326 3
3322 25
3324 33
3326 23
3322 28
3313 20
3322 22
3319 12
3 3322
3 3322
3333 14
3321 23
3332 3
10 3325
3333 13
19 3327
16 3331
22 3329
11 3329
15 3341
20 3338
5 3331
6 3336
24 3339
3341 4
14 3336
3352 30
3348 5
3344 29
3338 21
3356 16
20 3349
3359 10
3356 29
29 3349
11 3346
4 3348
3349 30
27 3351
3363 3
3350 29
3352 30
3361 21
24 3365
3357 30
17 3372
10 3365
27 3370
3 3361
3376 4
3377 26
17 3378
3369 27
3375 18
3 3362
19 3372
27 3369
3369 6
3371 28
3378 2
25 3383
3369 30
6 3376
22 3379
6 3378
3386 25
3383 29
6 3385
1 3388
3390 14
26 3397
18 3387
3396 24
3385 28
18 3385
13 3400
3401 27
3388 13
1 3386
3396 12
12 3390
3401 33
33 3404
22 3403
15 3397
34 3399
3411 12
26 3409
3405 7
18 3414
3407 9
23 3404
3405 6
16 3418
29 3408
3416 8
3422 3
17 3408
3422 9
2 3418
14 3409
17 3424
5 3423
3411 8
19 3421
17 3414
3422 9
6 3433
25 3429
15 3435
33 3431
30 3438
3433 34
31 3426
3435 32
3439 19
3428 31
3441 32
3439 30
28 3440
9 3444
16 3433
3442 28
19 3434
1 3446
3436 23
24 3452
3452 8
3442 6
30 3446
3438 3
32 3448
3450 3
3450 30
19 3446
3454 7
2 3444
13 3457
25 3453
31 3462
32 3463
32 3451
23 3459
26 3467
32 3455
15 3470
3462 34
26 3468
3458 3
33 3467
3474 4
3465 1
3472 26
3474 30
3478 28
12 3470
3480 31
5 3472
12 3469
30 3469
31 3483
23 3473
11 3486
21 3471
3472 2
9 3490
3488 21
33 3491
3486 9
31 3484
3491 11
29 3492
3483 34
33 3500
3485 11
3488 28
3500 5
3485 3
34 3499
30 3498
3491 24
32 3501
3501 15
3506 15
33 3497
3504 16
16 3511
3495 20
3498 28
19 3506
3514 22
3509 27
12 3503
2 3513
3502 14
3512 29
28 3514
3516 21
33 3517
3512 16
3511 19
3524 6
24 3522
3530 27
23 3521
4 3531
3533 14
3532 1
30 3533
3517 31
3524 12
23 3528
3533 5
3534 12
16 3537
3529 28
3536 16
3537 17
10 3531
3528 25
3530 4
3532 14
1 3539
3547 19
28 3548
22 3544
3538 21
3551 16
3543 9
3547 10
32 3549
3541 31
3554 20
3543 13
3547 2
14 3561
14 3552
3546 2
20 3551
3550 12
3557 34
13 3557
15 3560
21 3555
3562 6
3571 16
3565 4
3563 29
1 3562
5 3560
24 3573
3562 30
3568 19
34 3570
3566 22
3582 23
3574 7
3577 26
22 3581
29 3571
3583 20
3577 15
3584 7
20 3576
7 3578
3580 35
3584 27
9 3593
10 3578
33 3584
21 3585
3580 14
2 3585
5 3593
3596 23
3596 25
3 3592
29 3600
3590 2
3600 7
18 3604
3605 20
3604 13
3606 25
33 3607
20 3599
6 3611
3614 27
3596 4
3604 15
29 3606
11 3609
29 3603
28 3610
3606 35
3603 7
3620 36
3 3614
3610 3
8 3610
6 3618
2 3617
3610 33
3612 14
3617 18
3622 20
3619 20
3623 3
7 3625
3618 20
3626 15
3624 16
3635 13
3628 6
3625 13
3634 30
3634 9
34 3636
34 3639
18 3634
3634 15
5 3637
16 3648
3647 6
25 3646
9 3642
33 3653
3637 25
10 3636
3639 34
3640 33
3651 22
3652 22
5 3643
3651 3
3646 2
3653 4
7 3663
3647 18
3660 1
35 3648
3650 17
23 3658
10 3653
3661 1
3661 18
21 3667
3660 4
3659 4
3664 33
1 3673
12 3671
3665 11
3661 4
20 3668
9 3678
19 3678
12 3683
3 3676
28 3680
3686 21
24 3688
11 3670
3689 11
22 3689
3687 25
3688 29
33 3687
12 3677
3685 13
10 3685
36 3693
27 3692
3683 18
17 3695
3689 9
19 3686
7 3697
3698 22
30 3703
25 3702
27 3694
12 3705
17 3702
19 3706
11 3708
3710 12
20 3702
3698 6
3698 34
3700 29
3711 18
32 3716
3719 13
37 3707
3707 28
26 3715
35 3718
1 3707
1 3707
3713 24
3712 6
3727 18
3717 33
3717 34
10 3723
27 3725
3715 22
3716 16
3733 7
28 3719
3721 18
17 3734
3727 1
2 3731
3741 8
3728 20
30 3738
3731 23
15 3740
28 3745
3739 28
3736 31
3741 11
3734 18
29 3751
23 3742
3740 12
3 3754
3744 2
15 3753
3749 18
2 3750
3749 2
3749 30
3748 7
3755 7
29 3753
3750 11
28 3748
2 3766
3755 18
3752 20
3768 6
3 3768
7 3766
3770 4
6 3772
3770 9
11 3762
20 3777
36 3767
8 3777
3777 20
3764 13
1 3777
3771 7
23 3773
3784 10
3782 33
3774 21
3770 10
37 3781
3773 14
3773 37
3777 4
3784 26
24 3782
3794 2
3794 29
30 3794
3789 8
28 3780
3793 31
3788 13
27 3795
29 3793
14 3797
3802 11
3795 7
3803 24
3804 29
3794 2
3793 20
3809 13
3812 31
14 3801
27 3814
12 3800
3815 16
31 3803
3805 2
3817 3
3801 34
3812 8
3809 16
3 3805
3810 32
38 3806
36 3812
16 3819
13 3816
1 3829
27 3814
22 3828
3821 26
3833 24
8 3821
3829 37
3 3834
3823 9
3834 17
3837 9
3840 29
21 3824
6 3826
3830 9
27 3837
10 3838
3827 32
26 3841
3845 19
3847 28
5 3848
3842 11
3840 19
14 3838
3838 18
3848 4
3851 35
14 3841
3853 31
3849 3
12 3855
11 3851
26 3843
3853 37
3862 27
32 3858
3866 33
32 3854
25 3849
3860 7
10 3870
3853 7
3872 32
3855 13
7 3865
6 3861
3860 19
3869 8
8 3871
3875 15
14 3869
17 3873
3881 15
3882 3
16 3874
36 3878
3871 2
3886 27
33 3869
16 3878
3876 35
3888 12
3889 10
3881 9
38 3888
3880 38
19 3892
3887 15
3893 29
3886 4
32 3892
39 3900
21 3893
3902 35
3892 1
22 3898
3890 24
3905 4
3907 13
7 3892
9 3891
3910 37
2 3909
19 3906
22 3895
6 3908
3903 32
13 3915
3907 20
19 3918
3914 24
3907 13
14 3904
3 3920
16 3913
3921 24
22 3923
3923 3
2 3911
3920 32
3911 5
9 3928
27 3921
3923 9
3933 33
3928 3
24 3927
3928 17
31 3923
33 3939
3 3938
3929 37
11 3939
3934 36
27 3929
3936 3
32 3935
13 3938
19 3935
3937 33
38 3945
39 3933
3939 38
4 3951
3949 30
11 3940
25 3941
3953 10
14 3955
5 3940
3947 24
3943 13
3957 8
12 3959
2 3945
3962 35
1 3960
3964 3
3950 4
1 3952
8 3955
14 3962
3972 28
3969 25
34 3967
3963 38
28 3968
39 3959
34 3974
3967 27
3978 36
7 3976
21 3979
31 3975
3978 25
3975 30
8 3985
3977 38
39 3981
16 3974
3985 28
9 3984
3985 19
39 3986
3976 37
3985 18
18 3978
3993 18
3990 37
26 3999
34 3997
16 3995
13 3985
2 3991
3993 27
3992 8
32 4005
35 4007
19 3995
6 3993
25 4006
2 4006
39 3998
4006 19
26 4013
4006 31
4012 31
4012 9
17 4001
9 4007
38 4020
37 4006
13 4013
4 4012
4024 27
4022 15
4026 28
4009 37
33 4020
4013 23
4020 38
32 4020
4025 3
4030 18
10 4027
4 4020
24 4020
4 4018
12 4020
37 4036
4024 14
4029 32
4032 28
26 4041
4036 10
4034 30
4038 21
40 4029
4044 23
35 4049
29 4033
39 4039
19 4041
12 4042
4045 5
4049 25
7 4051
4050 34
8 4041
4054 10
4 4059
4059 1
23 4045
4051 40
4045 26
4056 27
12 4050
6 4055
4061 5
4068 29
12 4060
27 4057
4063 23
4065 25
1 4055
4069 34
1 4070
4067 30
4063 34
4079 18
4064 14
8 4077
4079 17
4071 7
31 4076
4079 10
4081 24
25 4076
4075 3
33 4074
4088 30
38 4075
22 4074
16 4083
5 4093
12 4085
23 4084
4090 27
4079 40
4092 36
4084 41
4089 12
7 4102
4085 29
4098 4
4091 4
1 4101
4097 32
18 4099
4096 41
4093 14
37 4102
3 4100
4099 7
4107 1
4100 16
4098 15
4109 33
13 4105
23 4104
4110 8
35 4112
23 4114
21 4109
17 4113
4121 5
4121 16
4115 41
4 4117
4122 34
37 4115
25 4117
4121 3
4132 41
4124 6
4121 35
35 4121
18 4122
5 4135
4135 22
4129 1
27 4128
4125 37
4143 28
23 4138
4131 10
37 4137
4128 23
4143 21
41 4133
4143 38
4133 3
4133 36
4151 28
4149 16
4150 28
4148 4
4156 4
4149 8
4155 16
4146 23
4149 11
4145 4
34 4156
4163 36
7 4147
7 4160
4154 2
22 4159
27 4163
26 4170
21 4163
26 4162
33 4172
36 4159
4170 23
4161 23
20 4164
7 4160
4172 1
21 4174
3 4168
22 4172
4164 9
3 4168
13 4176
4183 32
4175 28
34 4183
19 4172
9 4177
19 4179
25 4174
2 4187
22 4193
4177 39
4 4192
28 4178
4180 23
37 4183
4188 31
33 4183
4185 2
4187 13
13 4204
37 4201
4194 26
8 4188
2 4198
4192 33
26 4196
4200 36
4200 35
4205 7
4199 33
39 4215
18 4203
4205 42
4216 21
4200 1
5 4218
4217 16
16 4205
11 4207
4216 28
42 4222
25 4208
4223 22
4213 16
4226 20
25 4218
42 4228
4219 4
2 4231
4231 40
30 4228
4219 24
4234 35
29 4220
4233 22
4226 42
20 4231
4223 6
4241 34
24 4240
24 4226
27 4243
35 4246
4235 18
7 4235
4249 12
4243 30
32 4246
21 4246
4252 5
4237 40
39 4247
4240 23
4252 4
42 4242
3 4246
33 4244
4254 4
4256 22
4253 13
16 4248
4262 30
14 4249
4259 20
41 4250
36 4251
4267 29
13 4268
4268 4
30 4268
4268 3
4263 27
4269 42
12 4259
4266 20
14 4268
4274 14
36 4265
16 4271
24 4276
13 4266
4277 36
4278 16
4287 33
4287 24
4289 36
4276 18
29 4273
8 4287
4283 5
4290 39
32 4296
4293 35
4283 33
4281 8
4291 40
2 4298
4300 15
19 4292
4288 29
4291 6
4301 17
4291 18
4298 34
38 4308
4306 40
4301 21
4300 4
43 4303
4299 12
2 4297
39 4307
4304 12
40 4301
4303 42
4310 35
4315 11
22 4304
15 4320
11 4314
5 4306
4321 19
13 4325
4321 28
4326 7
4327 37
26 4312
4 4314
25 4314
4318 20
30 4329
1 4327
4321 8
35 4336
3 4334
4339 6
43 4336
4325 23
4325 23
23 4333
4331 7
36 4334
4336 40
4343 35
8 4342
15 4348
4333 10
21 4344
7 4352
19 4346
39 4352
23 4346
4346 10
4358 34
3 4358
27 4346
43 4352
5 4344
4354 25
4360 31
10 4347
29 4355
40 4366
4351 1
4350 20
42 4354
27 4367
4366 42
4365 35
4365 16
4365 23
4367 10
25 4360
23 4368
4373 22
5 4375
37 4367
42 4382
4374 9
42 4366
4 4373
26 4372
4372 11
14 4385
1 4382
4387 23
4373 21
4379 43
21 4380
23 4393
4386 11
25 4378
39 4393
4382 17
4390 14
4396 21
4386 40
4384 15
15 4389
4400 26
4394 19
4397 31
4403 3
41 4394
4398 34
4399 18
6 4404
1 4406
7 4394
15 4402
27 4410
36 4405
39 4416
7 4414
38 4408
39 4404
4408 32
4407 20
30 4408
27 4417
40 4415
4413 11
5 4419
43 4411
2 4425
4413 39
24 4427
4420 32
23 4420
41 4434
6 4432
4428 26
4421 44
4419 5
4427 19
4421 25
4422 31
4432 40
21 4443
21 4432
8 4441
4429 11
3 4432
41 4437
24 4445
4443 33
4448 8
4442 23
4448 7
6 4437
17 4449
4449 38
22 4445
30 4439
4443 24
32 4455
27 4455
4452 1
2 4462
4459 34
4453 40
27 4461
26 4458
4467 27
4465 41
4464 39
4453 10
29 4457
4464 25
43 4470
4471 3
36 4469
9 4476
4472 40
4469 7
34 4465
4478 13
8 4473
4470 16
8 4474
4470 18
4467 43
31 4486
44 4480
4479 41
4477 40
4488 12
4479 11
4484 23
4485 36
4483 13
4 4491
4485 40
27 4497
4488 5
4490 40
4500 36
27 4495
19 4498
19 4492
30 4501
4493 30
43 4488
29 4499
4508 17
4509 41
4493 16
3 4509
33 4510
4496 37
34 4507
4513 20
4510 11
24 4504
41 4511
14 4503
4507 19
4517 20
8 4515
37 4522
23 4523
23 4524
6 4508
4527 1
4520 14
4514 27
4517 34
21 4520
4517 25
4518 1
4521 12
4518 13
35 4535
29 4535
4538 19
4525 3
20 4540
4537 42
20 4528
10 4527
4531 43
8 4541
4536 22
4540 8
4543 24
24 4538
4550 45
4541 12
16 4544
4536 15
4542 12
24 4555
33 4555
4557 39
9 4548
4547 9
4557 15
4558 5
4546 28
44 4548
30 4549
4565 23
4561 41
30 4565
21 4560
33 4569
12 4560
23 4567
40 4565
28 4567
16 4556
4568 28
4566 17
17 4568
4 4560
4569 20
13 4565
45 4581
4570 18
4577 41
28 4568
4576 11
33 4570
8 4577
4579 27
35 4582
4583 10
4579 27
4583 26
33 4575
4583 17
4582 37
15 4581
38 4580
4589 34
14 4595
45 4591
4592 41
4591 27
24 4590
22 4604
4599 5
4606 14
45 4600
4590 33
4599 40
4594 46
4600 14
4607 15
4609 46
4611 38
10 4602
4608 37
4610 13
22 4610
20 4607
3 4611
4603 44
4608 8
4613 37
4611 6
4625 13
4621 19
11 4623
23 4618
4617 7
3 4617
4623 35
4626 43
15 4632
45 4620
4632 17
14 4619
4627 7
38 4638
43 4634
44 4632
4623 32
42 4629
37 4640
4634 20
23 4632
23 4646
13 4643
40 4646
25 4634
16 4644
17 4634
4646 20
4652 11
16 4638
34 4638
4650 43
4646 44
28 4648
4659 6
4655 6
6 4644
4661 7
21 4664
12 4659
33 4649
41 4649
4650 24
23 4655
5 4665
13 4668
8 4657
4670 25
1 4668
8 4664
23 4665
4673 33
30 4659
4676 15
4669 41
2 4668
4675 44
4672 44
4666 16
4675 21
4680 11
4682 10
4676 44
13 4673
16 4686
17 4678
36 4677
34 4682
40 4683
4692 18
4695 12
4680 39
44 4694
28 4687
4689 45
4695 16
4691 33
43 4685
28 4694
4702 8
4688 21
4703 29
4707 4
41 4694
4703 47
4703 14
4694 6
37 4695
30 4701
4703 41
4707 12
37 4713
45 4706
10 4702
47 4718
21 4704
27 4721
4 4718
4713 1
4709 26
31 4720
4709 15
4725 23
34 4716
4730 47
2 4729
16 4713
3 4714
4721 32
4723 9
4725 31
22 4726
32 4725
47 4735
4723 7
4725 11
22 4736
4732 35
4741 24
4741 24
4744 27
23 4729
13 4737
37 4747
23 4731
22 4742
21 4746
5 4743
4748 47
4742 12
4754 43
4743 37
4751 29
4742 29
8 4744
4754 21
10 4744
4761 28
4750 19
4756 13
28 4765
33 4759
46 4759
29 4761
16 4764
4768 2
4767 2
21 4764
4757 45
4775 24
34 4773
41 4772
4761 13
11 4764
4775 1
9 4769
4771 11
4769 35
20 4766
41 4785
4767 10
36 4775
20 4771
4782 30
4790 46
4781 17
4775 25
4789 39
26 4782
4791 5
4793 46
4783 47
44 4783
34 4796
15 4794
4790 7
13 4792
11 4790
4797 8
30 4791
4795 37
4795 45
18 4806
4803 33
4799 13
4792 36
41 4797
16 4809
4802 26
4802 24
19 4799
7 4816
40 4818
4817 47
28 4814
4815 1
29 4812
41 4821
46 4814
4819 24
4823 6
21 4814
4824 30
4829 36
4822 37
4813 18
4818 15
16 4823
35 4822
22 4826
4821 1
34 4825
4838 24
4831 42
5 4830
4836 47
28 4827
4838 1
12 4844
4835 35
6 4845
8 4830
36 4836
31 4838
46 4845
15 4836
14 4836
4835 18
4852 27
36 4853
6 4840
4851 42
4849 36
20 4848
4856 37
24 4856
5 4853
4859 48
4856 4
4848 11
17 4852
43 4867
4861 47
30 4859
35 4856
12 4852
4853 7
3 4873
4867 45
4875 39
10 4875
4864 18
4860 46
4867 25
24 4877
4862 3
4879 43
4873 46
13 4866
4884 34
4874 12
4869 32
8 4872
4889 23
4889 23
46 4877
38 4888
1 4885
26 4887
4895 42
26 4877
47 4889
4888 40
4894 48
37 4884
4882 17
4902 34
4892 30
41 4900
4887 46
4897 7
11 4892
4889 29
40 4909
30 4904
4909 5
49 4909
4904 22
46 4911
26 4898
33 4899
7 4909
4917 3
4912 17
9 4915
4916 23
4906 22
4904 38
43 4915
4913 12
4919 3
4921 6
4922 15
4929 45
12 4928
4929 36
4925 14
4929 40
34 4928
4924 7
45 4929
37 4920
4933 39
44 4926
4939 38
4932 42
4926 27
4936 41
47 4928
4930 7
4942 19
4928 8
4932 12
4933 17
15 4944
4932 29
4950 13
4941 49
4939 32
4945 5
4 4954
41 4945
38 4954
4957 2
29 4944
4953 32
4949 32
27 4961
8 4945
19 4963
16 4949
17 4950
16 4949
4963 32
4964 40
4961 38
4968 48
26 4957
4956 33
32 4970
18 4967
4971 15
4962 1
48 4960
4974 1
4981 22
4976 35
4975 21
4975 33
4977 40
1 4968
4977 27
4977 1
4986 3
4 4989
15 4985
27 4985
49 4991
4981 28
22 4977
40 4996
4982 42
30 4993
14 4991
2312
97
2621
1330
1304
5115
1384
3307
478
5095
1930
3256
5358
1747
33
2143
2754
6057
3896
2932
2720
6770
3427
2208
130
1127
6014
164
2619
6796
684
616
5280
1371
6663
2079
280
4145
5258
424
2105
1437
4757
2429
6540
1634
5293
7029
5940
1537
867
4313
2141
4313
5482
2179
2709
2611
5122
4575
1045
1695
6443
496
3214
3861
2032
1273
6587
3968
3992
4190
6699
4805
2179
3244
1265
6149
396
6215
342
6565
1470
4318
6056
378
4910
6902
2392
6673
4138
4427
6375
2418
4987
3012
3652
6145
3664
1841
5216
2385
692
747
5824
4871
2498
3334
671
121
2708
3245
3279
3676
2929
1016
6660
2211
3225
648
3583
1608
1529
334
1634
2420
4349
5713
6397
2394
5420
2096
5635
5014
6022
4480
3532
6898
6475
2835
5366
2682
1792
1740
5063
6118
5913
216
3325
1687
1882
460
7021
5724
2502
4662
4373
4521
4691
201
5847
5424
357
6505
2787
979
5466
4083
5688
5161
5208
2160
1375
3754
3349
1295
4907
1378
997
3539
1612
4811
4129
6911
514
1664
2127
6791
5530
1122
4399
147
6971
1389
5368
4763
5525
4952
2236
6770
4754
3823
2141
6043
2126
5954
1111
3301
3217
2717
6098
1382
3350
4657
2870
3934
3076
5968
6376
2278
2435
931
2705
4810
764
2919
591
1602
6451
1815
2536
5986
5511
765
3330
140
5766
4188
1924
450
1415
1813
3615
5634
301
1406
5604
2794
2178
2120
26
3415
3351
4377
3937
2065
5573
4221
1776
3947
3607
3141
4201
6677
373
7028
1095
215
6319
4840
4371
2182
2391
4093
3003
4311
1544
2773
2844
6074
3119
696
2909
730
5497
772
3205
1987
2758
5887
5491
3907
3651
4784
4038
5998
691
6614
1293
2480
3168
2798
266
2059
2391
5273
5245
4221
5677
3285
4334
1641
2222
367
7018
2673
1723
116
2386
2724
426
5095
6973
4278
6086
370
6410
5167
5265
7012
6380
457
1690
658
4435
1026
1533
4064
5540
1105
4164
5228
951
2441
3643
6283
5326
3483
323
2349
1599
1342
5019
1491
2618
6964
318
251
5568
1260
460
5967
797
831
296
1270
757
2800
6791
6776
3927
393
4141
4363
1823
6344
1703
2431
5397
2091
4206
810
2952
2010
2684
4181
4717
6281
1015
1110
6023
2237
4990
5507
6484
1434
1231
245
3238
2008
996
2747
2112
1281
4290
5850
292
4888
5406
3213
6054
6983
6318
433
3182
248
6213
3717
5058
1390
6328
2795
1219
1750
5047
4366
325
4672
6030
6336
5769
599
1486
3471
533
2850
6558
6811
5571
1380
5224
4748
1953
1354
608
2957
1637
5776
1613
2074
6692
5314
3284
3435
1455
4557
4935
1860
1480
1574
4139
850
442
773
5739
355
355
3883
5390
2108
5115
4306
1020
1693
1986
3813
6948
5903
2608
4344
3531
5773
6710
1585
6702
3756
919
5621
51
796
4248
6153
1239
5860
2418
4115
5138
4053
6622
1272
332
6306
6700
1045
2044
2114
5953
353
1487
535
5948
4771
1453
6975
5535
4744
4060
151
2995
5391
5197
699
6515
4318
5552
6381
6240
2059
6057
4834
2265
590
1817
4828
5818
291
2683
336
1317
6885
4444
4002
3793
4467
1781
4285
2810
4372
6713
1867
5874
4788
2782
6583
1606
1849
2738
1436
1397
911
3148
4308
6062
1656
135
1486
5533
6952
5272
2560
3881
3668
4377
2286
1821
140
2614
1975
257
244
5304
539
1980
6864
6299
4886
4622
3840
2758
2564
1950
641
3495
1034
2251
3527
2619
4940
155
2110
4476
2033
474
4658
3791
6883
5967
3427
1484
2477
4904
1672
3843
2222
4423
4058
4704
6414
4887
3248
694
1201
2534
793
3799
3634
526
5478
7025
5247
409
3731
6727
1177
5731
4661
5743
2989
1882
5001
2193
1661
6074
843
177
5595
4791
6289
4389
5673
4899
1272
2275
3691
6381
781
232
3898
6284
2171
4969
1536
1801
2145
2544
5041
206
4091
3891
4290
6768
1625
5199
2335
1455
3993
2258
2177
2
991
3453
2217
5174
1078
4854
5000
3471
1678
4586
473
1671
1504
5882
6268
1969
3215
1705
6391
3267
6594
4658
4628
5554
457
2792
2414
6403
4787
3135
344
1957
4657
981
6987
4973
712
680
4366
4523
5997
2433
6011
6103
2682
4093
13
2824
2977
2
905
2135
384
1887
1597
4306
3148
3541
1379
1835
1758
1848
387
3000
2519
703
285
4241
5752
620
3580
284
2313
5922
2948
4608
5759
6647
5883
3739
3656
3391
5190
5766
6782
2001
4623
1687
1051
5026
5574
2428
1038
1449
3247
2479
5505
4896
6604
5965
5062
3369
3610
1139
2887
2556
5678
765
971
1059
5729
3666
3994
5580
1188
5876
1086
5705
6082
3937
40
5181
3143
2834
1120
5367
4427
4307
336
6295
4947
725
1047
5097
5771
3675
1753
6915
5226
5166
4240
7015
5978
459
242
4440
5185
6829
5222
2059
2560
669
5586
1491
8
5108
354
3001
5590
1746
3272
1382
864
904
4412
44
3801
1909
202
1616
1855
4568
2935
158
2347
6036
323
243
118
112
4092
4666
6721
667
3151
4890
5103
4907
2226
5702
6679
5282
3227
5267
3611
963
6873
4098
6106
5519
6670
140
6980
4554
708
5617
1098
220
5732
5860
6026
3409
2061
1734
3215
5116
154
1894
1291
6275
1283
325
4059
5286
2058
2716
4226
4450
6146
1612
2306
230
2955
4196
6127
3446
2098
2879
5193
3548
5239
4011
4280
2891
2373
4519
4717
3366
7021
6888
564
4531
3142
2909
1647
2944
5753
6866
6492
3901
476
27
4261
4775
2522
5234
5593
769
86
4632
2962
6443
546
2311
714
5328
4309
348
642
151
1230
3136
2346
4254
6997
4662
6896
5050
1356
6927
5098
3840
3094
482
1577
3308
5105
1940
6619
6811
5078
3525
3123
6977
3511
6414
3013
5788
446
4013
5126
92
2311
6821
1739
4741
1420
1155
5875
3951
6951
6084
289
5294
4129
6253
3384
2927
4997
3433
3413
1837
1193
786
1533
1742
2800
2029
6457
3382
1318
2698
4491
3527
5602
3454
3084
3744
729
222
5643
3695
6100
251
6777
5367
6192
2182
3278
6663
3857
1211
5008
5794
973
4308
1280
1309
3601
6835
4984
6894
6131
3140
6313
2536
2231
2928
6039
5133
4447
3165
1355
3647
928
5267
5034
5534
2986
6927
6977
1447
4017
3305
416
796
2571
6094
2601
6603
3546
2787
992
1382
2218
4142
6314
6286
1617
5195
5033
1621
6978
6102
2884
2713
364
1825
5885
920
6086
5388
6309
6439
933
6085
1970
910
3019
6666
4242
3902
3787
4309
3813
2741
2920
1929
5358
5936
4208
3360
3750
3526
5738
6914
6467
490
4442
727
2606
418
3059
2982
506
4485
3573
4129
190
5918
6629
5456
433
5581
2225
6398
5613
6820
5603
485
665
4007
5097
3783
6033
6800
6944
3724
6627
148
4280
3482
4920
5078
4845
4673
4621
3478
2301
4101
3993
5642
4991
3823
2141
2449
1228
2921
5458
320
5976
5618
1509
4849
5757
687
4051
2757
3390
5759
7000
2597
4586
819
2035
1877
2712
13
1905
953
7042
3185
1484
406
1922
1200
3077
592
5000
3727
6126
2466
4175
2509
3018
1664
1022
6774
2329
1099
4255
6831
5129
489
3560
6563
6938
6019
2279
4686
1847
3604
4769
1675
4653
4163
6146
2461
1346
3829
3254
2555
6974
4925
3255
6998
2288
6243
2247
2209
6583
457
917
5564
6671
2683
5712
4831
6163
2830
5232
430
1635
6460
5105
1348
3281
1802
2953
6654
1572
6644
929
1387
6041
5422
6987
3301
6546
1703
3440
2515
872
6797
5108
4138
4803
3006
3216
5494
1162
6929
4659
6720
1087
541
2570
1650
6328
1284
5733
4199
5491
247
2660
6509
1817
4636
4315
1395
1397
4439
2540
528
3335
5747
5221
4326
6380
828
299
163
6485
5318
5505
2086
2848
3951
5647
5511
1175
4921
5347
5812
3381
1425
4311
1765
6896
463
236
1485
3861
1133
1873
4213
6755
2784
2629
1011
4994
4381
5599
491
75
4609
5705
5276
5739
2332
3458
3478
5153
931
598
5706
5000
6067
1664
824
5128
5446
5706
6932
4571
2206
2676
1216
1365
4880
4847
3751
6617
1597
6848
4997
318
5315
4441
5806
6587
6455
6345
1407
4656
573
3734
5125
5750
3478
2262
3422
5692
2603
3908
6787
1513
3727
5910
4263
326
2892
6702
6673
6143
4291
190
6771
6831
6760
6783
619
5754
4596
866
4891
3312
269
1382
628
352
4749
3688
5129
2051
1045
3888
3045
2559
4816
2522
6703
6735
6325
2028
6163
3058
2241
5007
4494
2243
2924
2889
2154
3786
4451
4674
4750
6398
79
3943
3367
4269
2493
6598
5960
527
3400
4744
6204
6959
1638
6298
6230
1489
1693
2324
335
6359
6420
2271
3426
6910
6216
1635
3837
538
1090
5229
3213
1607
6728
3568
1694
6126
3290
3233
4583
1852
2748
2902
2868
3717
3254
6158
2470
2124
358
809
2711
5044
5215
7001
1968
1599
956
3664
3454
2731
5808
3028
2590
6209
7028
4347
2144
5903
3177
3355
1021
3945
5571
6225
5645
4498
4625
6690
3853
6960
1005
5265
329
618
3851
2970
237
643
1682
3604
3244
649
2904
1257
5597
5562
3267
6471
2984
3239
3215
3273
5633
2381
4739
4317
3199
6922
1796
959
3414
536
476
2397
4998
1608
6983
747
3964
814
4076
3239
5952
708
3363
1846
4010
1689
5532
6757
4103
169
5804
4810
5586
3864
858
4123
2869
4512
464
623
828
3707
1799
3350
1494
530
4423
2275
2504
2065
1981
3549
2867
3888
6067
2068
2484
1573
1296
655
6462
2881
3895
331
6618
76
5414
5028
880
4403
4999
2650
1628
287
1229
550
1287
4014
2044
4556
561
2660
538
3602
6171
6072
5377
6994
3265
3741
4896
4093
4786
4319
366
191
3622
343
3503
3893
4679
2919
524
6353
3350
5153
4909
903
2842
2054
5619
5916
3089
3934
670
4838
2439
1997
3705
5364
5404
3305
2661
6339
5181
6986
1927
1914
1563
6004
3816
4086
405
6577
2486
5544
5548
1319
5368
5559
4682
2428
3982
4975
4185
129
5616
206
2409
6378
3761
2354
1512
3391
6283
4277
2271
5566
150
6267
2859
309
360
4919
2758
3221
1492
2760
3142
3305
4968
4636
6037
1429
3890
985
5819
129
3313
5118
4320
1678
4089
838
6019
67
6023
2314
3080
3628
701
5438
5802
4871
4038
2221
748
6529
1600
1674
3848
5321
4141
6679
3001
6732
5773
1210
4792
2590
4637
355
1853
513
2276
2507
7043
2413
4260
4661
3551
5268
6140
3315
622
397
3767
7028
3949
1031
6457
3437
5818
1148
5129
56
1999
2434
1237
1135
2054
3054
6005
3677
5168
5156
5042
6559
392
4718
415
3900
1848
6074
5586
3162
6929
1905
3802
4131
4350
5903
2343
5004
6602
2014
3007
6267
5632
6594
554
5077
3664
3393
2598
5786
1608
2856
5108
5156
211
3176
2377
5045
5320
1636
3018
1830
6688
6459
2074
1723
6816
2294
5704
819
4051
2490
5011
2393
5969
1200
1161
4546
2761
5513
6801
1457
2603
1916
5328
5176
642
4002
2830
2063
6176
5075
5200
6424
105
6101
3597
6793
6782
5828
2995
6860
814
5495
3394
6639
1349
5274
5464
2237
432
59
6836
5896
6158
5403
6085
695
1358
2141
5069
3961
4218
4329
3855
4745
7026
6731
47
2231
3018
549
6597
5415
6303
1447
1515
6730
1863
6656
6638
6485
4281
3027
1317
5409
4155
1103
3574
273
716
3093
1167
2530
4362
4971
2703
3719
5005
1124
2749
463
2745
1384
5925
4292
5151
2985
984
5108
1940
5177
1183
3984
6265
1931
3601
5254
1241
1448
1103
5684
1880
216
3964
3748
886
5650
1582
900
6364
6457
793
6787
6357
5082
6606
5057
5494
1437
6037
6469
2586
6666
2882
4845
1169
4399
3158
518
3374
327
5358
2887
5976
5406
2809
5405
2661
2227
2181
2865
3815
948
6959
2676
5282
5453
4734
4054
2098
6539
1053
3121
4580
5447
4306
6150
5882
3728
1802
6620
3768
1479
5552
1226
5397
832
2335
1352
3079
485
2821
27
2742
4063
5956
3329
3646
2423
6779
4571
1045
4237
3103
1640
6089
5193
1150
4637
10
4176
2554
1637
5892
4442
2350
1307
6036
6037
5110
4217
1906
1642
439
2239
1822
122
2447
4580
4988
712
6924
6349
5749
5927
878
5224
3190
4376
1107
1601
4613
928
1395
1680
1506
3660
4416
5610
1358
7048
3895
3993
4820
827
2043
809
4765
3984
3071
292
4781
991
1447
4857
1831
6464
5519
1255
3289
2588
5139
6621
6947
2871
5962
3138
5430
5867
6183
3323
1635
6802
3990
3270
1360
2032
5309
6988
713
6226
4831
5446
341
928
6652
32
5233
6567
312
4212
5101
1655
5806
6676
4743
2147
1779
7004
6410
6101
5207
2946
5592
1958
3221
6794
2432
3633
3052
3010
5468
3259
5139
1668
3037
153
1488
190
2890
2487
4509
4411
887
1456
2891
2806
6933
3361
3432
723
4386
4313
997
1298
3498
372
3071
4310
547
3935
2291
4864
5501
3233
4785
1916
1206
7015
6967
3715
984
1846
1042
5839
1552
4314
5530
1830
2224
1509
5921
1306
1867
6705
2421
4670
1414
5840
3124
94
799
3590
5871
4164
4056
6982
3422
5864
2389
6855
3937
2805
2335
2266
6575
5059
6868
35
6110
1504
1930
504
439
2382
2879
3886
1011
1574
69
4806
4916
6701
955
897
3452
3300
1737
2767
4487
5104
4218
4304
6811
1136
5545
3726
804
1769
4852
4433
2166
248
5208
2756
4740
5855
2231
6905
2695
6435
3466
4459
6021
6789
2079
4027
3197
6742
4183
3183
6211
4120
4522
7040
2154
4329
4670
79
5552
6931
5238
4317
3498
6341
3706
6047
3898
6551
1176
5883
3745
1943
6888
840
3348
5305
3154
1807
6924
1511
452
702
3977
901
1756
5428
5350
794
5773
4996
6963
154
2897
1370
6138
2309
2875
3204
6379
677
697
158
2223
180
1346
1673
2016
1889
1505
6008
2254
2707
4971
1365
1871
6648
5238
7021
151
2178
2543
4389
6260
257
6068
660
5189
4652
3966
813
5555
5913
3280
1897
677
456
2050
6081
1467
5850
1089
3880
3951
1202
4791
3041
2950
1795
3036
992
3057
4575
6714
4646
1342
1045
5749
1058
2247
1605
6383
1845
1936
4253
3729
1359
1732
1509
842
2747
2127
1079
5615
656
5134
3666
3330
7008
3475
6719
1292
4727
5316
3130
412
5992
3809
1170
593
924
5717
3911
389
2359
2189
4092
6134
6420
6518
6139
1970
3570
6559
2283
6681
6316
4842
6097
573
373
2401
2035
4352
2928
159
3503
4640
2450
3455
3121
199
701
428
6503
5701
5073
4287
2700
3575
4725
2582
5286
2281
5893
1904
4849
99
6183
499
5920
2115
6152
1105
6783
4091
6740
1317
5657
3476
2641
2463
3094
1232
2516
3829
844
6030
2752
2190
3936
2921
6404
2445
5695
3505
1586
2347
1552
6834
3002
4588
2752
5558
6236
3684
3218
3023
6738
820
1662
6421
5057
5310
2890
4660
1127
3158
4738
1468
2617
1464
3864
3602
5983
1418
2466
2631
4854
5864
5594
3871
438
1590
5535
1309
5404
6945
2559
6393
4528
534
6008
1259
4428
3735
2177
2111
1696
3269
662
1402
633
3003
6983
494
2811
2820
2057
1052
1739
1661
2294
5163
4896
1809
4266
5124
5170
5926
6221
1455
1372
2169
1324
2791
765
3698
4726
4628
783
4563
1810
5564
519
3989
2826
3713
6995
3934
2436
4028
491
4877
6062
6734
2615
4791
6493
4720
1100
1254
1437
2882
4801
5110
4
4624
3843
3608
5864
4229
4392
5330
224
2476
1058
1563
696
4099
6159
1531
1556
3409
2410
5096
2091
4830
3672
1648
1596
295
5385
5087
3783
5601
5421
1529
6749
3867
2549
1358
4839
1434
4409
1530
3385
6845
1453
2080
3520
712
583
2480
3226
7032
5687
6960
5930
1687
4578
6035
4364
3634
4530
5225
3704
5842
1701
2084
230
4514
2649
792
5514
1128
384
3326
2787
351
1054
3445
1787
584
4543
1944
322
1314
364
4364
4914
5414
5712
3014
6331
3334
1399
1402
2725
649
6764
3682
6854
6088
6608
1585
2717
5973
6784
6867
4496
1113
6459
419
3613
4388
2991
5790
5055
3675
1542
2090
3013
5198
4529
548
2928
1550
1847
6527
2510
2818
6551
3790
4375
6941
6317
4032
4084
3928
5167
6578
4361
1009
3941
1844
3414
4456
5312
1093
3720
521
6044
1472
6926
5529
1752
5778
3553
6832
2979
6380
5458
3972
893
66
6032
2426
2533
3618
2452
3158
6265
375
3975
6652
4902
6988
2754
1548
2720
576
989
3048
512
4834
5992
2584
478
1027
4189
357
4349
4846
5765
1988
5480
420
5251
957
704
3411
987
380
6593
3592
4875
3253
683
1667
4430
5533
2893
6439
1698
6107
3923
4715
5226
3997
241
5003
526
3249
2196
3241
5440
2195
2588
5213
626
5573
4374
2020
3582
915
3274
4556
6907
4960
6589
2176
2348
2607
3070
5354
6312
593
3123
2189
2987
5060
5284
4389
6714
6975
2089
3377
3167
139
899
2645
3279
2617
468
5834
6110
4528
3002
6302
3161
5354
1159
5828
4638
761
4360
2160
5659
5512
3070
6257
644
2521
6356
770
4054
6335
4964
2670
6311
6117
2945
229
4947
6229
5750
6919
5709
3876
6973
3069
5771
1347
6822
6698
6956
2407
4856
4285
6799
3961
4980
6920
692
5172
4459
6195
5287
759
5168
5892
4015
5202
1188
6601
5989
1330
1218
69
3642
3105
4858
2959
3177
770
3466
3070
2689
2716
5919
6772
6470
17
480
4213
1146
6942
2940
3478
1391
708
4079
1740
3823
6896
6951
4964
3935
1505
382
2964
411
4203
7015
6702
1696
5362
714
5677
2225
2285
4740
4822
3005
246
5579
2266
5018
6733
5468
1685
3296
1381
3385
1410
1486
4285
6106
2842
1219
3829
832
1616
4257
5222
6392
3580
6892
161
1974
6750
1063
2387
3216
6083
2419
1628
4749
5267
3433
2547
2875
3034
5098
4216
110
1895
4281
957
6687
606
1029
1462
848
2022
5718
1630
5507
5410
3459
3160
249
6516
6933
1334
1763
5291
837
3705
5606
3060
1305
5157
4986
4536
6465
4932
945
2473
4772
404
2874
5776
1187
6883
2080
4644
1782
352
1408
1195
5968
6725
1834
4638
3540
1004
1517
432
2658
4899
4890
4048
6588
3016
454
2457
6060
4808
812
4996
2387
3795
6517
703
6297
5196
299
2951
3421
3623
6082
6125
1325
1309
1279
2730
4248
461
6113
5461
2178
2407
226
576
2265
171
3374
5178
3083
3288
3725
4729
3577
1860
616
4503
3477
3923
3251
2207
5687
2374
4411
797
6401
6525
2380
6495
6395
3689
5397
4208
109
2329
2367
2879
5672
173
991
773
2719
4178
2323
6232
5898
1309
5464
5834
2521
2146
6679
3294
3355
5245
2855
6286
1127
3117
390
937
129
306
5928
1122
1990
1215
495
4402
2408
3421
1280
829
1248
1793
2109
5138
4579
5873
1864
2213
1852
6156
2918
5002
6031
6481
1486
6537
5303
6599
5115
575
5918
1306
4634
692
3766
1151
1444
2536
6150
1867
1834
6937
4850
3218
5663
1054
2076
6593
1928
4157
2762
636
1993
6256
2497
1566
1296
6983
1906
790
1836
6382
4756
5726
4078
789
6290
2340
1692
6105
1635
4040
6217
4310
2778
3005
4052
4034
7043
5245
1506
4908
2456
4612
885
1757
5676
2549
1663
6532
2118
3697
6444
6853
226
5621
739
6833
161
4024
6336
3759
4332
3954
5566
1603
2197
4461
3192
1932
5577
2354
1113
1739
1654
5590
10
4526
2099
770
4681
2130
2165
6893
4367
7035
5887
1672
1765
4860
558
6901
6350
1897
2681
1151
571
1128
6629
4950
3673
5521
2782
4467
6996
3137
4028
4947
3593
339
17
4526
1155
6964
1179
733
5867
2792
2128
758
2844
6469
364
6694
5243
274
4884
7001
1392
964
6735
174
1319
4900
2479
562
1623
2025
2527
2027
3431
4567
4486
3762
5230
6797
6562
5357
67
6703
2989
2331
5465
6621
697
76
3666
5876
6472
3294
5355
3805
3148
2674
5611
3695
4102
4944
5626
181
3120
2588
4497
4942
1218
2400
4509
4103
2917
3711
1163
4289
2410
669
2506
4052
5969
4040
5737
6735
1190
1181
580
5553
3133
6946
3767
3730
2293
6849
2528
3114
6846
5651
1113
3142
6599
6083
4854
6596
670
2863
5730
4702
983
2029
221
2996
1589
4812
4836
247
5915
1501
3761
5715
185
679
5646
4453
2013
1939
6928
6223
3226
3431
2581
653
2095
6742
324
9
2823
936
1249
3952
5769
4314
3855
2350
6752
3773
2732
5234
1657
1074
1498
4446
4782
1861
3188
6255
6531
1292
4943
2959
4513
4927
894
3190
541
834
3814
5523
2376
3534
6975
6792
5453
1178
426
5558
1044
2666
4953
3749
4883
5431
6855
4238
6787
3762
305
6622
5598
3191
900
6385
3668
6350
2991
356
7012
1955
5735
4493
3360
3252
271
4786
2914
5747
6057
2407
3377
1417
2003
2359
3820
5345
2693
4522
5806
74
2263
5323
1437
136
6845
547
2233
3407
3899
6986
1068
925
584
5223
3806
3669
2973
3043
1428
1222
4521
5684
3645
3427
3517
2688
3759
6282
1632
3467
6777
3998
4471
509
6929
6224
882
2676
6545
798
1852
3241
5916
5976
5438
5644
4492
6565
1424
4606
894
905
4828
2396
1440
2012
4488
1022
6900
6976
3381
1842
948
5246
3447
3612
2072
7012
971
5208
2411
2474
4406
3960
3787
2953
3005
51
1266
6215
3840
616
3826
2232
5653
6728
1092
2493
5295
1783
6392
2113
5207
4052
2955
6058
252
5314
5344
1067
6996
5892
4994
2746
1280
986
4193
4072
1288
1945
6487
4894
1997
1382
4766
6246
1844
74
279
6730
5475
3625
5234
121
6649
218
5973
2974
3456
5790
5447
1442
810
6549
4406
6082
2940
5868
6429
188
4264
4568
4525
2974
6166
413
3599
5311
261
3561
2470
3283
3460
6628
1748
24
5409
2272
3922
1112
3650
2479
5691
2425
4052
6473
6349
1587
4323
2873
4057
2797
5793
4107
1916
2338
4230
6422
5575
552
6634
3836
2620
2843
5726
3705
2626
2520
2397
49
398
1058
6221
3919
1457
6142
1522
6191
4858
1062
4386
3649
6331
3182
2264
2697
1937
5335
4451
468
5292
6398
2035
5444
3182
5751
2074
3117
4237
6702
3570
589
1902
6833
6580
2434
2379
7022
6311
2591
1144
108
3931
6696
1306
5470
2654
3877
1337
818
682
2472
497
1589
6987
5268
5355
847
2721
6184
4836
4300
3320
922
4920
1639
3191
1002
2315
6143
4061
6647
4901
4515
6671
1612
6811
3056
1
1259
5908
6652
5882
2114
2961
1169
5940
2207
179
5660
4882
5844
5953
4298
653
468
3053
5562
2494
6898
6775
6609
2252
3023
536
4976
4415
2093
5244
2583
5503
3865
3617
3424
6439
1363
563
6672
2866
4787
6697
3524
6197
5713
202
1216
4219
3965
6434
6054
3523
2159
4404
3026
823
431
4053
6767
846
6258
3211
6496
4391
2344
5416
1087
5108
6932
4097
2668
2205
4596
1665
1913
4460
6370
211
2485
4537
3474
4513
4779
2250
678
6717
2104
3651
2685
4125
363
6813
1436
1333
2301
1157
620
2463
4978
2965
1961
6250
3861
3616
6615
6181
4542
161
4511
5893
4911
1020
5702
4263
4417
3426
2124
952
6481
1620
5808
828
5853
4308
646
4554
4295
3810
206
3492
2350
5478
1426
6956
4055
4732
6383
5472
4743
6057
1063
4399
432
4918
224
5867
4647
6784
4689
4079
2094
6952
1071
786
2700
6954
2818
5011
4622
1343
1609
6312
847
5405
3884
2981
1050
4275
929
3746
4113
6823
4169
1475
5938
7014
5337
3702
6739
2843
4464
1176
7019
776
3778
1362
5445
4693
2355
1186
3829
1914
94
6152
4853
6027
5860
1786
124
4264
50
3581
5144
3379
340
3439
4595
3980
1338
2064
1155
2463
2532
6992
429
81
4873
5472
5063
6452
9
132
4219
6933
2923
1282
888
5805
3597
2561
2242
4445
4721
3525
3798
4156
628
1154
5547
4596
1756
5141
2700
1488
746
336
5986
4894
3062
4749
1693
2757
2007
4042
6721
2857
6547
870
2341
2832
3433
5914
2189
1424
6639
2312
1046
3998
3495
5789
4584
6317
2681
356
5298
3202
1479
1938
6430
624
6990
6635
894
1493
5859
2219
2516
6315
1284
1275
1142
2
4873
2219
276
4241
2222
677
286
2948
4847
2571
1165
5314
2760
3265
5468
1986
1002
4652
6838
3265
1900
5366
2298
2618
5898
5646
5332
5749
4450
1845
1474
692
2095
1467
4826
866
5785
1894
2942
2308
6714
3520
4762
6216
1645
3537
2058
956
6200
4697
1554
853
5574
6284
4161
4357
3370
3820
1267
3828
30
5403
4990
1259
2932
3679
4699
4871
2304
1454
1326
4053
2604
1946
937
6471
4973
4475
2594
2309
3668
1624
3610
2437
3725
2570
4057
5390
2455
5518
1672
2099
6173
3300
3668
4735
838
2880
1082
3123
202
7046
380
5546
4926
882
6536
1570
1258
4575
3608
5565
20
3075
6248
2146
5489
3890
2553
1191
4184
2829
5829
2091
515
3434
7006
3462
2677
635
2430
4065
57
5676
5142
4523
5439
5734
1994
569
6524
1378
1018
4666
5112
87
6873
1059
2195
2592
4017
264
911
1457
1056
4167
5064
6739
1309
7037
1536
6004
570
2712
2884
516
5713
5467
3276
3256
2146
3295
3329
2685
542
3259
1058
246
3685
6591
7048
6581
5367
1340
6668
2561
610
2838
4431
443
4052
1698
3211
5259
3892
5070
3335
3814
1254
1656
6015
6589
1561
3999
3158
5559
5784
6524
255
502
5070
4166
1112
569
4416
6490
360
1900
3808
2793
6292
1338
1398
4776
537
1829
6456
1430
3254
6142
5952
1320
1217
4799
5800
5062
544
6924
3224
162
4489
1347
2924
481
192
1449
5088
6417
6982
5658
489
1033
3244
2918
6546
5726
1243
4149
6695
3374
1997
6435
3863
1997
110
1139
1117
4380
5649
3174
1269
5390
1367
809
1301
6939
4771
1075
6838
2264
1267
142
1929
5669
3077
3749
1882
4950
178
1654
3432
5447
1091
1684
2701
5762
1465
2188
2311
9
713
3567
4689
4438
906
2684
5245
2446
997
2169
1441
2622
2311
2350
2082
3836
5868
3825
3173
1199
4243
4769
2902
3285
5515
675
6500
6213
3547
4554
5508
3285
4753
6068
2975
2799
5249
4126
4051
3422
1168
1844
115
1129
5806
3104
163
6619
5591
3121
2436
2838
6290
3408
1593
3312
6599
4382
4428
4893
6764
3221
2432
1855
1109
4715
3626
6427
1964
1801
4392
6358
1871
4368
6207
974
5679
413
5981
3051
4329
1559
3360
2172
672
5220
865
6127
1333
4550
2748
6317
665
3087
66
5231
4897
3726
1491
6199
835
3135
49
4483
5988
10
5678
1747
1799
3074
1523
833
6790
320
6239
4663
3804
2859
5290
828
4642
1385
1989
1438
3271
3597
6257
2299
1290
6980
2275
4489
3799
5480
5816
3518
6915
2925
82
863
5264
4004
6413
4746
2421
2081
3655
3224
2122
2506
6560
3705
2002
1014
1130
5995
1501
3424
6717
5978
4298
3317
225
2124
2085
294
500
876
4978
4405
6897
6228
2597
3804
5975
5088
4902
2611
593
2053
5258
1527
1565
5486
5996
6654
342
6876
6489
1236
3384
4244
1407
4606
2647
7027
5714
3896
3480
6670
1589
5923
6498
6573
1335
1371
2712
4675
2174
2295
6036
1276
1721
2531
384
6300
271
5721
1675
275
4573
4449
3866
6027
1155
4542
4569
6808
2311
4498
6923
364
1663
6220
4212
1127
1414
6587
5604
1850
5753
3691
1523
1398
5880
1238
736
556
4458
3883
2353
3982
3064
3599
4761
3264
769
162
3724
6112
2444
5204
6637
2393
3456
6891
2552
2542
1075
1608
1012
2924
274
6726
5569
6238
222
853
5014
6245
3331
5783
5503
766
2580
2939
3131
1104
4381
3835
2409
5404
3941
1233
3802
3444
4296
2721
6019
2630
2848
3130
1280
4510
6574
4169
1904
4989
1280
2322
1025
6702
1210
756
6903
1151
1336
5262
4072
416
5763
4909
4636
305
2015
424
3214
6455
1777
7031
3703
1378
5160
1234
331
3211
1736
4173
4718
2104
4090
5731
3135
6700
5520
6630
7041
3890
677
538
5665
5154
4012
3741
6449
3524
4666
5951
2503
2578
3499
4897
6078
5936
4702
6612
1903
3306
3483
1565
3622
6806
6102
3678
6064
1954
250
525
1846
1643
1237
2362
1756
2927
1266
3376
258
2193
5180
6238
5725
597
1394
243
6746
2077
416
2630
6681
4800
4330
5022
2908
5370
1033
856
10
1876
126
3736
4401
1237
5114
535
1853
5090
6857
792
2287
1089
5750
3726
681
3471
4680
5905
2474
429
1088
5359
2852
6984
1291
4447
173
1902
5680
4609
6523
6317
3834
3401
3266
2416
1394
2658
6568
6694
6553
404
6132
207
3874
2768
804
2629
6516
1420
1338
874
6196
1837
6563
5154
3028
6732
5168
1843
1265
1957
6667
3660
5352
5950
2390
721
2086
6168
6692
5230
974
2159
6219
6266
601
286
191
2972
5456
2551
7020
4169
898
2817
2906
1866
4505
5076
1463
4892
2124
4050
2884
3067
853
4633
3779
5735
6018
6480
3385
1643
4147
4708
1921
5889
1165
3338
1578
3530
4083
6701
6363
2321
7017
200
1597
2922
2743
6336
1782
3335
4963
5743
6103
827
3611
5243
5723
6215
4964
1344
5970
5351
4120
6652
1485
772
6383
4960
2909
646
1157
6109
4547
2003
948
1525
5666
465
233
873
3783
5987
2957
535
668
3982
499
2768
5900
2768
5037
5247
206
3380
6820
4111
961
941
7000
3218
3075
5714
6577
3668
2086
812
1290
6219
2414
3475
605
2309
5359
5353
1074
688
5374
6827
162
2332
6274
2129
5873
3876
5459
2750
3518
3495
3507
6936
6656
6412
4837
5471
21
3160
5778
6725
6614
3424
2539
3783
4216
751
3988
1673
2291
6837
850
4919
1937
4813
6982
4259
3439
2589
5891
599
2553
3541
6952
6396
5817
6585
5769
995
5826
4913
238
3028
677
2443
5222
4186
802
5322
5756
2341
1701
1479
601
3035
245
6960
2233
751
3328
331
5792
6810
740
1893
1129
603
1746
5212
4785
3242
4943
7027
20
2004
938
88
5005
285
4092
3209
5549
2723
1655
854
1417
4070
6803
6429
2464
2207
2697
173
2543
5328
6916
5890
4960
4932
2394
1390
4341
6886
2696
4184
2813
4508
2882
2867
1872
4373
4750
1548
6079
4253
1545
5772
5735
2350
2475
2555
2725
4246
5322
1882
246
3076
813
6452
3215
5639
6716
4573
6904
4155
3097
2759
931
6402
1001
696
5821
6337
4898
2000
2464
1252
6654
1147
4663
2802
2302
2710
4956
6373
647
1661
1270
2637
3581
2247
5055
3521
4759
6944
4574
1330
4464
6846
4326
1281
1005
4512
835
2684
1992
1535
1101
5983
456
1377
1846
1714
2120
4362
1685
707
3141
5225
3058
6768
2405
353
3168
1791
3856
2358
5564
273
4040
3284
1022
4462
366
5951
4136
3803
427
732
5201
5040
4965
4567
4163
4076
3519
4182
986
2491
3379
315
1047
6536
6170
2230
966
5641
5947
2578
2125
5263
6824
2914
485
6051
2939
5174
2618
2446
3750
37
3350
1274
704
3786
480
6239
5054
898
2271
1667
2290
3791
4145
4642
1715
4018
4275
3798
1204
548
847
6191
1630
302
6244
6425
5735
5980
1571
2997
4577
3159
1562
1720
6096
1316
3843
4592
5251
423
3841
2276
3116
4117
4242
3255
2314
2146
5477
5080
6570
2954
3947
554
3984
2821
4424
1364
6754
6212
4218
4294
1834
406
3884
5837
4234
5187
3864
2718
2998
6907
4424
4798
59
440
4415
761
3896
6638
4381
6663
2883
5849
6523
1836
1445
6795
518
810
2705
1825
908
4840
3841
2965
1728
6322
1763
2244
6559
1471
2496
2309
1556
1255
3426
1221
5043
694
5785
5957
419
2365
6145
1104
4774
4935
1398
3632
3626
5564
1402
1642
4754
6691
3505
3455
6428
5899
2735
2761
2271
4359
5997
6759
469
479
5718
2969
3371
6781
1583
4319
3480
2967
5319
1272
6732
4431
4728
7010
4661
3699
4437
3582
4296
1894
5784
5561
1969
4129
5730
5072
529
1178
1140
6252
3568
6167
5367
6106
3575
5659
1774
365
5175
4399
354
6391
3360
1497
3802
5403
3194
1417
3453
1347
6538
4267
4537
2010
2652
3211
2724
6424
2076
4776
1137
3667
6167
506
3756
5358
3520
2709
2612
6719
5081
6292
4054
823
310
7041
5684
3052
2337
1367
6018
3981
4357
2367
4707
4344
5778
6787
6413
692
524
5182
6009
1259
6207
351
2989
6449
5140
4255
4675
5975
3216
4001
2933
4983
6023
5744
2368
6998
2490
2542
5522
3233
4526
4963
4813
6536
7029
7006
4024
5859
4700
5496
6158
1701
5534
1998
5039
455
2219
6112
3942
2799
3819
2777
1901
2531
285
6888
6716
5078
1278
6287
987
2878
4918
3682
568
1355
6047
1701
6690
1733
3954
1572
5694
1667
3390
1981
5196
3193
526
6409
2624
6567
5938
1883
343
2488
1568
1712
4421
3841
3286
746
111
5158
3162
2450
6897
2494
3463
5635
3584
651
1853
3105
5935
7036
722
3100
2699
1556
5006
4926
4582
4863
4870
6985
5245
6365
4483
4465
3419
4948
1057
1144
5003
4698
6803
6202
2133
1624
746
6424
6003
1867
563
6663
6785
2305
3188
6706
1919
3424
2634
1725
2880
6033
6623
4393
3282
2008
2478
5810
2175
6829
2284
1046
4726
2075
1716
5867
1263
1664
1132
6473
3517
3002
5186
1768
4963
2998
1947
1404
1131
5159
258
6462
6185
5243
6313
5526
3846
1439
1520
4113
4286
1311
2731
5412
3385
5730
1583
6363
6244
4198
6829
3899
5625
6478
2476
1599
3239
6094
1517
827
5310
4260
6682
3603
4878
2924
5823
1550
1733
6246
1869
2311
2658
1151
1491
4619
3030
6564
5023
3645
6717
3441
1236
5989
2369
5596
5748
1355
3232
1965
1154
5852
6937
1274
3530
5014
1083
5467
135
2367
1502
3167
3065
6014
2619
6018
6058
5717
6790
3234
5364
710
2243
5218
6728
5963
1895
5363
1598
1842
66
4715
6863
2145
5965
4088
6491
448
712
2893
783
3627
5840
764
477
5261
1546
691
5738
4426
2231
3443
4648
5207
1337
1144
6741
4
5777
5008
5164
6807
4893
468
6568
1255
3539
2424
6969
1841
4701
7032
5530
6441
3069
1912
4333
2745
6682
379
1234
5408
3613
6984
3545
784
4457
4211
5899
1
503
2638
6750
3426
4177
2970
5213
5019
5747
4794
2127
721
1234
3029
3459
228
3614
4907
6720
1106
4769
5881
3673
4351
729
859
2620
2060
1915
4827
775
263
1165
3324
3758
2030
1247
4613
5035
7044
1341
2598
5520
215
3176
2714
3158
1197
4473
6131
925
6085
4731
4319
123
6370
6438
1144
5110
5707
3967
5001
5465
6201
5063
3924
1507
3984
2155
406
3629
2659
1576
5435
1283
6757
6593
1963
6249
1149
5248
3499
5944
4203
6086
4139
6380
6509
1617
5837
362
1393
6610
6892
2828
1852
6045
6568
6661
5339
2793
3320
2286
5851
4570
6384
1034
6908
4541
5232
5332
6087
5600
39
6151
4701
2114
1863
2707
1111
5679
4205
3563
1397
6387
4968
38
3259
3841
4611
5416
1698
882
2064
1630
1602
1979
4235
2593
3283
1994
2222
5440
4155
4037
2928
2573
1211
5959
265
5201
5086
6845
1749
7018
3914
1969
6911
2913
2883
2077
6108
947
6207
3863
3100
2068
2806
6519
989
2385
5419
1773
1494
705
5989
1182
4989
289
5164
6866
2529
5682
6472
1234
4090
6663
6933
4591
6569
930
4905
634
2385
6485
745
3070
2255
2369
6971
5370
5919
4544
6229
4597
2061
6387
5138
3758
516
2176
1461
1667
2098
3668
2044
5518
3700
5933
4055
4480
3510
2744
4405
582
3956
3937
4494
2770
5857
5883
2590
6792
6894
4907
1946
1329
3973
2151
1166
519
4536
1334
4458
4129
4553
4704
3978
2367
2764
4770
2379
6154
3318
5244
6032
4505
4232
5016
6510
4270
6209
1013
3693
2108
6669
5821
5965
3049
1316
3428
2691
1133
21
1034
4895
5434
4096
4555
3195
6987
4956
2675
676
6235
1752
4842
4219
4838
5620
3393
4480
5861
5019
3225
1577
189
721
4108
2412
3754
6773
2409
1191
5332
836
648
5041
5267
4633
4717
682
6584
562
3027
1368
1595
927
1563
5360
3622
4425
1093
4593
2794
6435
1749
395
4145
3078
5390
5923
1291
2207
6595
6138
6457
4003
3807
2273
4362
4507
5365
4974
4308
111
6510
6236
358
5174
1629
6427
4141
5821
5240
4459
1254
1072
3792
5778
4300
6748
4612
1378
5045
4273
1916
762
6489
2886
1910
2121
5672
4701
3151
1801
4598
6015
881
3620
339
3128
5091
3322
3713
4635
3444
330
198
6015
74
2215
2257
3416
6796
3404
2113
2135
3058
283
4017
4885
3101
1913
6958
3656
519
318
4079
6265
3858
4687
3867
1155
5089
4881
1940
874
2469
4813
380
5996
626
1755
5979
2827
3387
4197
5488
2153
1708
4466
2370
608
4334
2276
3065
6760
3657
1858
3386
4313
819
3380
6165
2158
1266
1024
2669
232
2460
6305
2078
4389
6841
5407
1783
977
5426
2812
5691
3480
1845
1952
6187
203
4630
347
5509
5002
3582
1613
5554
6151
4748
614
1241
6647
3099
5736
2578
2307
6517
4862
6227
4166
3824
1850
2575
2611
3169
200
6080
4584
4345
1825
4803
6348
3136
5951
3471
4545
2902
2669
1482
4236
1998
4804
6986
1561
4856
851
6962
98
105
2887
2557
4357
316
4275
2705
5031
2637
2699
2658
2099
4775
4210
6223
1722
1353
1528
151
2907
5996
2628
6842
1584
2979
1976
2610
4155
1337
3376
4447
6902
3529
2427
4514
1323
349
3321
6376
3346
3824
5470
1889
1601
5022
883
4279
2679
6238
4419
1263
5441
4896
6764
430
1243
174
2763
2374
6458
6230
657
1180
2814
3308
1511
6893
2579
2807
2796
375
7038
5888
2950
6935
4617
4363
1875
787
959
5765
4145
5170
6210
4294
5760
3708
6341
6407
3063
1370
5834
5574
5680
614
6178
5996
1583
3629
6519
3170
7015
2957
5680
5020
6100
4863
1628
920
3785
2263
3354
6586
1209
6614
767
4200
5572
765
872
4107
5313
6821
2669
196
3954
5478
409
1144
941
1937
4367
6613
3640
4815
6275
4975
1518
90
1505
1536
3727
6840
7039
1128
6496
5220
2637
5592
3358
702
785
3187
1033
781
4493
5076
754
1642
3088
3797
2544
5874
4922
4784
6482
6901
2847
5238
4490
5866
2909
6672
199
4010
1871
4846
5860
6261
682
4702
2254
6552
718
1513
5419
5289
6297
1107
5737
6161
2076
6917
2069
453
149
242
699
5786
5341
5973
324
1818
3979
4466
5653
2525
6103
1506
2209
1336
226
2112
2257
6945
5729
6488
2410
3456
5674
1930
875
5645
1522
3944
2112
2767
6814
961
2418
6621
812
64
680
5135
4824
6997
1231
2246
5651
3658
1021
6272
2730
5
6589
6839
5046
303
393
4718
5067
27
6689
4342
3176
6435
5097
3841
2230
1907
3910
3654
4822
3629
1415
4313
2347
2273
6902
6920
3092
2277
2462
2868
5584
6896
2370
2322
5698
395
3491
2445
5865
1711
1904
2603
4452
7029
6894
1374
3307
2624
6140
4732
6966
5913
5089
1304
6551
699
2023
1449
3634
6144
6649
4575
4896
2673
5637
5045
4543
1437
5749
6238
1527
6684
5940
5318
3779
2174
4595
5816
924
1524
1720
6235
5478
5724
2637
673
6539
4173
6067
4341
3866
5693
6605
3192
1209
1041
5067
6500
1693
3243
5441
6993
3812
1825
492
2037
5005
2626
4068
3592
2184
538
6311
4946
178
5666
1371
256
5589
2120
5165
6448
1651
3653
146
6540
1841
737
5507
4681
3495
1457
2212
882
6575
4078
5931
300
6860
6526
3839
4999
3344
5599
1710
1178
1628
4376
4144
5169
6620
2024
6679
1701
2540
3965
2069
2726
6719
705
4416
5289
4989
3713
512
1199
5807
1869
3365
6060
1184
2262
547
3684
4085
1766
981
2541
1213
833
3237
5862
4229
4934
4478
6337
5429
3700
149
1644
1368
4826
5945
4180
5392
2924
5829
5305
2465
6890
5090
492
4486
2407
5685
5339
1213
2618
2255
4730
4650
5283
5019
1495
2020
1955
5099
253
5378
4596
6968
2605
6170
285
2300
4569
1089
3619
7031
1802
3413
5393
4767
6437
5344
2781
5297
6715
498
3520
6485
1896
1247
4636
4293
6793
3410
6756
7030
3558
5706
323
192
3686
3598
6158
5624
4782
1911
1876
2037
3835
2054
6988
3052
886
5390
2449
5394
4983
5786
6034
5624
2415
4957
5812
3712
4667
2833
6466
6580
450
2587
3746
4708
1861
5171
5574
5819
6561
2802
5023
1103
6463
1630
4080
1547
2704
2148
1283
7000
6082
97
1489
149
5256
211
4051
845
3824
6120
4175
1310
738
472
2693
4598
2316
2947
3615
4817
6225
4850
1128
6296
1262
6693
15
511
383
3261
642
6559
997
2281
6095
1607
149
2412
76
3085
3862
4916
6458
3251
4744
5898
1995
5365
5584
6210
3488
1637
1357
6985
3989
6504
1517
6762
3980
1173
2583
1092
4230
6450
5951
589
4341
3640
2052
1285
4558
4552
6711
3519
4554
3332
4580
220
2788
6413
1498
4720
567
2123
6122
153
1613
3678
879
4473
3796
331
414
412
402
5868
1678
2299
3351
3689
1149
6955
2407
6591
5914
2362
1971
4347
4083
2080
1253
3815
654
1459
5594
1644
4077
1037
1810
4567
4815
6563
5629
166
6564
5261
4717
5845
2813
6954
1818
1572
1123
1335
3282
3421
4859
660
5794
6496
4142
5035
6055
3045
968
2773
6599
2105
3204
3181
3725
6789
2155
2617
4920
1
6212
2042
4160
974
4497
6213
3715
1524
3987
853
2392
6168
6569
4327
2048
374
5753
5014
363
213
1354
4798
4662
6653
3112
3851
4923
4071
739
4289
3802
4258
434
4320
2556
4315
570
4105
1155
3183
6556
2385
6313
5608
2786
4010
6507
2928
3122
4228
130
1808
6567
2059
5018
6133
3169
2444
386
310
7012
6832
3528
5125
3767
6265
4731
2009
2044
7019
1485
2797
4252
5726
2688
2018
6623
3659
6909
3799
4045
6432
6654
4799
3391
6253
6965
818
2194
3787
2622
3259
6785
6584
2334
992
6981
6229
5389
6183
2158
3615
2508
6410
5139
1812
5784
6555
4435
5044
6263
7023
700
3787
3369
1291
1048
3992
624
1966
1443
2670
6523
2159
2420
1167
3356
4431
1430
2602
428
2993
4043
3059
4661
1505
965
5904
2420
4278
2787
5844
2587
1049
1903
6686
5553
6837
4832
3867
5049
3591
868
2200
3213
1771
2297
5558
7014
6059
6538
1517
6427
2284
5380
2483
3104
508
1103
4942
5702
6265
6070
1097
5764
4647
5642
5729
1300
28
1083
6381
6268
3402
286
807
265
744
2184
3626
5643
1151
2422
6505
5693
819
2799
4278
2462
6222
3688
5901
7033
1761
1535
384
1068
5980
4766
119
1026
4653
5979
4478
5800
4566
2311
5212
6941
3630
4186
6123
345
6191
2276
4750
950
3824
2438
1140
6328
4545
410
204
5922
6841
3211
732
3394
2070
3451
5535
6133
866
3429
5016
4797
907
4060
7026
3487
5311
3244
315
5291
3035
5589
4411
1145
5348
3134
1444
1949
6973
2436
3668
2299
4491
1859
5778
6236
1068
1833
1549
3074
1355
6013
1660
502
7012
5524
4935
354
5542
6481
3235
5438
3013
1089
911
3570
6483
5547
4785
6392
4307
671
2435
653
3426
6757
5863
4638
4424
2364
3712
3443
5365
2934
4728
5628
6742
6655
2698
3786
4500
6411
315
3795
896
3311
5770
862
3619
4767
4371
7040
6300
5217
2305
3535
3054
4754
3979
4966
1648
2935
6198
2378
691
4257
2440
4290
3918
2158
4135
221
4309
6101
6058
7045
1811
132
3393
5077
3151
5068
731
3993
7014
4001
4232
5125
3608
3407
3148
5425
6927
4416
5887
4145
4007
2852
4339
3416
3697
3712
3419
726
5989
7047
4536
4813
94
6315
3794
5741
3548
6448
6056
2002
1348
978
6827
3952
5665
5012
6684
5044
5000
6564
4694
382
4072
2539
5287
1879
2048
1347
4107
6541
4645
5537
1747
4777
6279
2808
673
5236
6306
5016
5822
2484
4904
2677
1497
680
1857
3601
4658
4963
5517
1714
4270
5083
5215
944
1434
2162
3765
3356
6874
5199
3831
5478
2704
3040
5005
1852
4460
4276
1362
4909
91
5990
3874
915
4023
5124
6449
3645
6220
2890
1007
2351
4624
6275
710
1475
1312
5566
5916
4929
4886
2511
3545
1122
6440
2807
6641
181
2231
6695
6137
6654
5218
1939
39
2143
3556
490
5804
6029
4991
5787
4212
6897
3309
4552
3022
1247
2503
6887
434
3912
4606
4602
6453
4482
2655
6209
4561
5842
3667
2654
6344
5839
2730
1515
369
5357
1272
6839
6550
2528
3900
5725
2225
1213
3349
697
4645
5857
1765
43
4072
1519
2942
3813
2482
3407
5416
3684
171
1663
5678
3654
6721
2916
4615
3925
152
5825
4839
3322
961
4101
2703
37
1710
405
2645
2389
1750
4952
6273
4860
3032
59
5791
720
5755
3323
1174
778
3556
279
3906
759
383
1214
741
1447
1268
6780
791
1114
1387
1035
5191
1663
680
2003
3998
3920
4976
3159
1231
1523
5646
166
4873
2902
4860
344
4013
6028
3697
2516
112
460
5746
2138
1651
3168
3298
4017
3973
1958
3584
4799
4961
2095
4309
548
2490
6668
6127
412
4200
4224
2235
466
6174
593
6023
1535
6420
2915
4189
5288
256
4544
6880
5004
3715
5592
1907
3620
2662
947
2989
6731
1966
4613
2522
490
1487
3561
6919
3218
3609
1669
688
6493
6308
6415
3446
3388
5400
4628
5602
3085
648
5319
6880
6403
2197
4290
5049
113
1117
1659
100
886
6399
236
1521
361
2035
1937
6813
3535
2877
469
4442
376
2550
5117
3598
6937
6753
100
1047
1842
4963
3912
5986
4469
4552
2149
681
885
2969
4021
1577
5032
3692
1892
1782
4717
1660
1721
2362
5217
1614
1316
388
4502
3058
3849
253
4149
1986
1785
1394
3779
725
3678
149
6666
6430
3126
3443
6752
2182
6910
5202
6260
3006
3126
749
6799
1085
1712
3873
4008
3044
2809
3226
4970
6299
5045
3436
1545
6713
3996
989
1274
2539
5071
3542
2252
6806
4477
358
6759
1481
4411
833
5372
1999
2471
4436
1384
5107
4104
1743
465
5355
4400
6457
6024
5075
2386
4595
4440
783
4931
3587
6102
1346
2267
2334
2968
12
4204
5155
944
2135
935
2388
3465
3449
2958
1574
487
538
5585
1609
6095
4994
4631
6268
4813
1788
7028
6968
1167
316
3540
4981
6789
2863
964
126
1596
5639
2096
2819
6686
4455
4458
4616
702
725
2274
6780
3581
420
255
3943
5904
3441
4031
3026
2098
3694
887
3077
3959
2782
1471
119
5827
4382
6588
3492
6928
3685
5556
3826
4059
4645
2491
6522
3110
3247
6882
1382
3295
3395
6253
2645
1529
2252
5483
1032
5047
3096
3126
5862
5176
228
1515
4173
2940
4616
1102
3885
2379
2726
5973
4125
455
3385
5012
6507
2526
4908
5544
4000
6420
540
4124
4653
6513
2535
6639
2882
6648
925
1435
4998
5000
4605
2736
6083
4929
484
1026
1440
739
4027
2706
2523
6091
6068
6059
4719
6465
2983
4833
5213
5247
5456
7041
2545
2788
2712
3332
2658
1035
6507
6005
5268
6339
5020
1720
2260
1350
2550
1710
5885
4510
1980
920
1788
4752
174
2620
1719
4514
1470
5877
280
439
3104
3644
1858
1896
1273
