1000 99589793
95820 14036
2361 99863
18425 12059
65142 34564
88955 23174
95948 31945
60114 93208
68526 92384
70811 4844
88136 58955
31068 19013
84980 58282
93798 77395
96119 56631
69838 61232
25841 95671
31247 78110
95463 65087
14222 82522
66750 18502
4912 53181
3226 92508
50627 51731
40944 66099
91646 30730
37377 58259
29731 59563
54312 43347
67323 52824
8810 99648
35569 43175
40280 92950
95215 51199
40065 9656
89550 17139
54662 34913
32828 35720
19126 3697
53545 79590
64707 20150
69365 5209
41074 82810
92101 46057
84653 49853
52395 58454
99128 74367
47303 72725
64326 35377
78417 81979
60840 94272
1818 50000
63457 34057
17137 69207
43439 26899
4186 96713
35227 11809
21634 25494
86619 18065
27636 9735
46996 20771
34413 73490
92506 83415
3828 37775
84894 3297
20320 48999
38243 75028
71813 46446
24901 23073
26627 6520
66575 15779
88940 64595
5678 49875
60366 4225
48673 2984
76627 406
63199 98554
84637 23331
53454 13984
34229 86386
81773 909
37988 64023
17548 80262
89307 55139
36206 84850
51283 18834
27776 15912
83872 50986
69666 81735
97377 19049
40572 87420
76168 38673
65577 19498
16174 5060
37970 23594
51767 96950
15286 55768
86465 59840
52719 76779
2182 94856
68646 80664
82521 9857
6660 17836
50478 93834
90930 41197
62241 73983
33239 97049
94179 72695
90143 80082
65221 32133
28137 23847
5737 92585
29834 2387
31609 10316
44515 33222
17548 47675
41484 35405
81326 30678
54123 87794
95905 37475
4048 95046
51414 21759
12818 23900
31048 13873
4901 99441
82025 11332
48073 80138
50448 6921
33964 38067
91451 58288
45898 63066
4863 68619
80799 67072
36087 28597
1015 8202
15456 45327
77828 21713
47234 63589
62948 2052
92055 58527
30324 23931
68896 93277
33733 39807
55711 17494
40587 91758
55637 82303
26185 86870
78265 22543
52999 68190
57286 60194
24005 55391
35455 79795
37271 97946
58050 22775
41572 12807
73638 4593
60493 30801
77704 12680
68043 71398
23312 13024
37253 64899
26092 879
44142 80869
15781 94071
50822 16054
10006 37079
47639 17567
8410 50126
25401 44434
45075 69732
57757 22831
17969 85867
5049 12314
6989 82629
54097 92375
62627 33540
43048 73236
23122 80303
40750 4216
34367 56029
14657 90541
92614 51133
90458 68994
53803 15811
95282 91960
45198 38486
7364 61918
85489 38887
28876 61292
79335 16970
28235 64229
4132 81680
31554 83211
45486 16555
1939 11328
26031 75757
79401 63122
30713 66402
73250 36736
8155 46891
22199 18865
39056 7470
89793 28075
89843 73736
1080 89925
80941 52540
88428 47836
2513 14993
31056 85801
82947 11794
34989 11154
22841 35213
41443 14990
65761 24213
89006 48142
42961 76580
34494 25680
12256 29474
23456 73520
35493 70683
27555 6985
30486 39265
91012 19930
21164 15596
25323 96033
93186 22757
4983 48648
58463 11163
41813 76864
133 71859
68490 78644
48685 46395
51853 13630
51389 23946
32099 4477
15849 5525
54100 23630
55562 50357
23300 12709
59599 67659
69033 50769
58000 2450
30636 80061
37719 10402
42088 83401
9811 11182
49830 87246
39042 24802
76795 9430
29540 59837
84941 86107
32575 26626
36337 12152
27264 76657
97895 27020
7239 73944
96614 79415
41266 74405
76053 74399
49281 99896
78076 23506
43072 8914
37466 81729
48625 52424
77900 8722
35370 48339
49386 68476
93695 80149
54551 68392
53850 98624
59651 59405
39593 41929
76402 37290
90378 72779
95512 70664
56999 36683
1802 66150
75134 72316
75911 3579
68408 27979
38856 86852
40495 46691
5070 18145
21019 21510
52259 4756
8905 8619
73353 97042
75003 51488
13052 78396
12950 7676
51147 86238
31066 86335
33215 96641
73865 86491
98451 81687
19623 51595
54470 72236
22967 57698
28414 18420
44965 80353
55383 35460
22581 35890
39899 27169
31099 22721
29407 67332
62516 62658
92389 66586
13006 40367
52420 74636
53022 9286
47598 65509
78525 44593
21382 3379
50308 74990
11041 52297
59685 55993
23160 9201
2153 30526
89679 41928
98690 82447
58387 43988
56233 83985
33432 15615
89869 63099
37781 39986
10114 56724
78608 49863
69735 73850
33095 63782
97215 71552
18299 66257
64465 77556
70197 91252
97620 20949
47953 4548
98618 10658
42633 61638
42916 17152
50239 22335
48997 71511
29908 44659
63190 53186
80088 89140
96695 16510
48253 11810
69840 39608
84949 48340
79822 3080
61304 41340
83277 10315
8893 68766
32625 43488
40411 98545
62381 83265
83916 85777
44715 29007
51510 89437
88327 47808
90679 76248
4038 63360
79373 4363
37751 64534
50705 52999
9013 26163
86872 34922
47908 59037
28261 41433
50559 86889
84243 17689
50322 75195
89655 53073
63153 64559
66753 89342
98550 99137
12455 71668
38793 27974
9977 91072
89367 52868
49763 20521
92727 75736
16724 57395
99583 26327
37316 36331
37171 11748
62822 24477
68043 46795
84285 74662
85828 15515
79458 77455
29191 90
9922 77225
96808 6737
24319 40217
6824 64116
85783 84211
17864 91047
78554 15598
85333 93054
87914 75109
81675 53455
869 67877
49955 14832
13341 88484
90419 5112
1873 69776
29159 86983
46225 71215
4664 77653
19947 42942
48595 32479
24324 44768
5158 15740
13024 85402
31181 98389
90045 16521
85591 98684
44269 48315
67421 49036
26295 73253
21976 38432
2262 32371
80615 13801
18988 39541
29755 654
5437 20104
79279 77640
80624 69519
99815 25789
70774 44947
96052 44274
72377 77579
96386 76493
32750 64925
79664 93957
24687 73029
72136 15822
11907 56215
59858 32862
61832 14775
57253 53455
83125 72022
7953 55661
12690 52637
67843 70416
919 53201
17471 50670
49301 48824
76361 29786
47645 24626
19785 63187
15837 79984
37453 11335
78700 2116
29526 65494
1582 70121
56228 97604
31253 82931
98048 49909
7636 34135
81375 12
63331 52068
74015 37021
93585 11440
41654 30602
55923 21730
38701 44944
92282 2820
28368 14777
71505 77142
1630 78304
88101 46295
59552 79265
92720 22538
70799 7905
36436 91076
62796 53363
44571 45634
3104 56088
94106 11830
3463 62479
82263 42975
8381 64474
65673 23228
81378 54292
78634 23523
36223 66277
66835 84749
94326 72047
981 46565
66620 77945
31422 6031
58050 19300
51646 22988
87862 3018
55816 87869
64256 14552
54765 82588
63132 90622
81519 38255
12361 69111
48070 81791
44485 71890
14388 75592
86534 81012
77536 67136
17069 32945
28058 29200
58462 36278
65849 89112
99327 385
60966 57934
43225 73490
88029 24507
63575 15818
44024 35432
81997 91045
87033 52223
71014 65071
54121 13621
26914 95643
59518 11510
35586 13371
12530 38060
29186 1878
49551 92872
46256 39993
38151 26636
32707 19441
42921 91545
36573 88005
49914 63639
48191 39206
88522 59107
19038 30676
39307 56606
37717 26554
30403 99352
73944 86384
89502 14166
53611 72393
48696 52964
63260 63269
17590 5434
27255 3526
30938 3877
10496 65678
19513 71366
41919 83603
55783 87158
42499 41856
92857 68499
42825 87150
72873 64497
2749 88883
10695 1671
33890 19393
24118 48537
50344 68009
86556 69472
86620 43063
14800 71030
99523 16939
61381 38693
98318 3272
47810 35854
36924 74329
54 27549
96708 45975
1371 61837
65684 92854
88471 94844
26472 31790
69669 34596
37569 3954
19837 13362
37263 70077
19375 28767
8249 40714
58784 60084
64650 53649
69586 80068
83995 71
93034 47958
99285 76229
46207 4544
9707 77628
674 5030
69855 60715
67613 6756
95836 74906
1168 56987
32639 23264
61392 98291
3148 80479
93203 8701
89727 1438
32192 2336
17761 17186
56166 43545
96761 75523
7472 7038
27891 81497
80188 83824
86597 73107
55926 84151
82327 81761
87946 53186
8676 62456
70068 94882
74700 89568
91266 32772
92597 56929
43347 44456
49647 41432
72193 25636
43596 64987
97044 73044
55508 37481
66018 92444
1761 38653
28359 77542
66698 283
89696 40820
13870 9884
7132 24809
8209 70502
13770 43250
65752 44146
29141 45326
46011 57865
58986 31618
68082 85416
96684 61898
29417 57
42979 98984
98965 70902
19372 20284
15487 43309
95180 20848
81637 54881
26714 45366
5372 63439
90410 32395
96960 28891
35353 69517
21408 3700
49956 49060
16225 17382
11317 19033
15014 65049
89062 59804
22849 55203
95484 35910
72934 537
76573 85934
54324 89571
59632 78223
49001 38285
27161 56089
77129 3488
67088 3346
64371 71561
91682 65279
65150 68263
67356 69382
68110 84737
35705 95258
19258 4446
5146 54851
85660 12309
88525 49931
66374 16491
99284 46336
23995 62289
4552 65035
83892 12407
25293 27423
19512 62030
81466 45745
69519 90720
81820 37974
89452 18703
82314 8513
31964 10330
56384 11143
60757 16674
67243 49567
31189 14034
75740 19297
33215 91876
88051 72258
63740 84289
83604 83138
75249 41540
75745 39426
56321 2553
15666 67407
8525 9898
87440 89665
97311 78908
30045 60558
51649 8270
15905 61324
42382 57526
92244 7244
15796 97768
11638 36849
55362 26584
38419 16554
80930 22566
72183 45914
50497 7984
88616 1488
86661 1837
38223 44468
61130 26543
99696 34457
21976 73566
65792 60738
95365 88274
30550 89619
89186 5582
51213 86795
40225 33614
48577 84424
1194 65737
70781 95612
64644 26705
64988 73050
12907 78107
60022 59064
64888 61770
14919 14813
260 31775
21820 59519
9678 13019
51813 78688
48412 5712
92818 55926
91460 75123
90475 82019
74805 86578
67318 97318
91746 16592
47883 94530
67710 61874
41700 8324
42500 762
16611 45909
44390 63366
59130 76335
56843 79428
3707 46315
94003 74481
83252 97002
15983 49129
88496 32109
51668 18770
7242 90911
73676 77842
89497 55647
84133 77868
45683 46800
20419 43989
84334 3315
94713 20300
50491 29717
3559 61944
18059 40626
83342 45146
34473 13595
1767 80965
48528 30453
75828 52765
22891 96176
40989 33211
98076 41813
46692 83255
64787 25011
4924 6461
14497 74299
37456 53156
28641 4113
98558 66500
68841 62988
4972 82320
87055 23138
85825 96402
17215 91144
4457 74926
97626 14192
44663 1968
53360 5429
49193 18808
19009 66816
23843 15318
28720 37780
67455 58114
57936 69407
27119 68030
6301 9389
56612 64941
27691 98329
11439 81184
54405 59525
42617 6184
43958 68138
74238 81848
30162 51254
11924 43288
41998 79301
9379 4940
62398 79222
7281 68485
15023 85419
63696 20381
37773 83655
94991 3580
43204 11569
96424 94929
41961 84921
25264 84320
18227 30749
52895 74304
47266 10743
3318 15852
28303 65097
18768 91029
64870 31009
57330 84555
25712 66555
64046 82610
66194 6147
86401 21313
61043 11924
78822 82589
80628 69979
91283 53279
85421 28084
13593 23187
40067 77820
77257 30265
77218 89739
39324 68919
29258 39274
20643 31938
7960 38960
79654 18422
21383 90384
34835 24627
16750 3524
87636 72582
96478 88255
62446 94741
25124 72578
81161 15199
92162 97353
21706 16603
10689 18975
34170 79990
22118 22834
68055 80791
424 78916
67887 31246
46872 5745
43928 256
74874 51710
17417 21228
58522 29009
76179 58657
76907 11747
20455 94267
72075 42529
99921 5778
60519 12936
30877 20704
39167 5308
17898 67850
16927 49108
97409 77979
9909 73498
58182 54009
79830 95743
36198 82293
20332 55335
88463 78530
34673 88755
58219 89148
80247 44856
35268 13201
88668 12727
8176 30456
13633 23290
69597 32376
85549 38544
86752 82611
26257 56568
67722 17247
3645 87112
1415 18992
13152 83923
65087 50929
49997 96279
20918 82858
29244 26402
69005 41378
57936 69308
5412 38870
40363 82288
78080 43784
39565 77848
73618 4408
81035 86210
28434 67084
47904 26025
6382 54138
73076 41168
64172 18146
83037 73817
49539 10652
164 40478
24779 3930
31583 93058
51808 68308
43006 30352
16447 56470
69135 52144
46378 59005
20271 93494
86352 16186
85944 70666
3417 77264
81414 29879
19790 48383
3833 14827
70295 37867
39885 91060
79789 29527
5076 3969
66410 55299
98829 53830
61239 79708
51114 49767
35930 49458
70408 48731
74768 37675
62166 41650
56226 77066
11069 3257
21804 23178
14539 56472
45400 45195
76940 11854
92296 78309
25520 75340
85634 152
34648 71138
33411 17121
28574 28884
72082 50391
34801 98139
34239 54816
90294 98369
42243 38441
61476 52882
54398 54999
19290 16693
55882 23119
46276 3806
35806 16171
48863 90374
17045 21028
33485 28889
9152 8279
67785 85354
955 76286
79686 74305
75408 9524
29559 85096
51768 77826
25512 84894
89446 16780
73331 99873
4954 23639
90624 69927
35793 16909
90099 4512
99623 3729
33192 49792
58705 81899
41417 93556
32400 35586
99121 32351
49484 6843
79984 52050
86052 67377
41504 5004
34930 48637
38137 45057
23821 22323
92026 79439
