777 153933310
27885 -94998
-44995 -55358
47294 35339
78435 -82613
-15616 -94041
-56273 1071
-94693 -60233
29976 8988
-55912 17853
61886 -98701
61163 39627
-31950 -68905
91442 -32682
-81451 -80657
69498 20745
61425 45946
7245 94623
-24294 10408
65880 23703
72341 15470
40914 -90836
-54421 -42123
-84042 -53442
-79800 -44406
27136 -27034
-25964 -58099
-46605 87330
29607 21826
-65773 45825
-67320 -24109
97904 27999
11389 36922
68570 55199
-54191 -93580
-36910 -46452
-57804 88581
75273 -37065
31087 -20874
82909 -8230
-47024 -50675
12273 -47452
16917 79564
-20120 -56136
99507 1905
-81819 -90577
-78071 25489
58415 -15569
-87295 -23677
99224 5822
94215 72155
-97704 44144
36342 7394
-46635 28192
-77690 -13047
-9256 90763
75170 -47323
117 -64270
82525 74103
-40312 27789
21794 -69433
52502 7875
55725 6070
-99886 -35169
-96105 85819
75744 66333
-38498 -88415
75601 89389
-82870 -2802
-86158 52120
53166 -74322
-4944 9960
-46989 74486
-15373 -57641
7859 45986
-59770 -37657
99029 29975
-12380 3515
-75800 -55061
-32383 17661
-53978 -55957
-85802 26220
-54212 81084
71927 -85829
-52400 33795
-57153 -73538
87102 14208
-5466 56923
61499 -61919
-80614 -13790
-15285 -6596
45815 34672
96833 -80317
-19476 -32140
72334 -50269
-61959 -10278
-15624 -44291
-50039 84653
-11374 72269
10065 -89883
99856 67205
93799 85273
69739 -66738
-2872 -57251
-19792 -88273
-24206 97061
-46960 56814
-8999 -15399
91463 99084
11153 43681
-69041 -40659
93741 15836
8439 49595
-88567 16835
570 70543
-68514 92155
-83978 -62836
19007 35042
-52960 -76023
78057 -50757
18903 23876
-16156 16734
4556 86941
-59149 43238
-52263 -20843
34338 -40001
-36765 50372
-85492 -8343
99690 99219
-85348 -57370
-46960 86651
76172 75854
-26095 -68451
66748 40707
22335 97446
30795 -98436
63420 -40125
32677 87786
-73142 -76915
-78593 10644
-45531 20965
43522 -59281
26847 -47204
-2294 81067
69220 -81541
-15285 -44664
-99291 54223
27422 -47609
48246 10336
-14463 -98067
-84952 76621
80785 9118
66919 16501
-70382 -74511
-38349 79796
59224 72140
79784 -57985
-50095 -79442
56023 76826
-18725 24132
-69090 85976
72921 95241
62154 76283
-95043 47312
-33563 86163
60447 72812
62149 -46639
57474 -78381
74433 71718
-55514 63317
-7940 -38962
59069 -54481
-95268 -61375
-34348 72870
93377 -44176
28296 -20065
96229 7243
87847 -76932
94080 -64287
92506 -46907
-78320 -13088
45709 -37265
21241 2284
-22961 15317
-49056 41757
-99662 85115
7690 43885
48390 34125
-27156 -86006
32847 -33960
-37217 69603
43950 -39936
-38144 -18322
-19520 -40869
-74543 -15911
88072 35463
80561 23102
-39811 9587
-99919 -42618
-14023 15996
30941 -7003
-11569 -57260
-5363 80236
59204 -66062
-83041 3090
26588 -32963
63684 50227
34559 -55072
-60175 -95115
-51032 -4973
69947 -85435
-17112 25953
-61113 39270
-1125 -51204
31211 -98892
50192 54009
-78683 -14971
-64823 91593
3591 -89957
-50161 69667
-8708 60283
33515 97578
19090 90007
78285 22530
43854 955
66113 9574
79441 48731
-5066 -48162
-50553 27532
53162 4259
25349 -45081
-84504 -42855
-45657 -36059
8030 -72326
-53748 38789
41283 -87155
-18481 8522
-16846 -58634
-15972 80967
16815 39104
71346 53118
-23924 -98821
-29649 50695
70689 90686
-16196 49503
9226 20650
-55893 -56116
-12833 -94196
-32775 35828
-19137 -66992
-6522 -74475
24451 -94607
-21196 12878
-94580 28549
-72861 -7661
-89944 -24180
-57668 -34631
52245 -24175
50401 66384
-49546 -83619
-96124 7883
99981 -30008
30028 56246
30350 50846
89922 -60128
-95924 -69524
-74756 33891
12793 -56408
39892 53379
-66443 21449
49585 -77094
63860 92944
-78381 -94865
-37609 35469
91634 -20670
43002 -84801
38122 25448
-79620 54496
70058 20082
-75789 96768
56527 -30560
-14325 -25886
1192 -31754
69915 64466
-78893 92157
27117 65741
41461 -12903
46759 93094
-45984 61639
7634 -3301
-12886 46205
-46321 70342
66146 -82668
76326 -51228
-7059 22066
-24203 -94261
70190 -63633
-57577 59566
-31933 76063
40236 -44747
-97970 89612
-82878 44014
-2285 51632
38121 29180
-1836 58586
-81390 -55681
38357 -38759
16311 -5348
6184 -14900
49187 -33842
40570 -45817
-49720 -75869
-61484 -76090
7172 52437
-62971 -56724
-3161 44917
95321 4927
-43401 -79895
-61177 -54504
-64112 -97171
6827 -45138
94858 10671
39483 -74745
73692 -1825
74543 14812
-6121 -11907
-63128 -89725
88212 -4455
64423 -19859
-85184 25889
-89279 -70161
12567 -39233
98783 -76310
52888 21263
58148 -54863
4514 -9898
-11456 72033
98006 -38924
24205 21926
48017 89518
-58443 -57795
32085 -68589
-65238 -84988
-99465 -9900
18762 -41749
-53705 41391
40597 -9194
37476 84782
57565 25011
32236 86733
-14973 8912
29526 81682
65326 -85719
-66816 -38478
49791 13841
-42278 -75130
37735 39946
88535 94
-1241 -83912
-92028 -13595
-35536 -49927
-81735 92382
67191 15039
90157 99914
34456 -46098
-91954 51253
-5900 30301
83214 -63703
17065 26956
-1655 -81752
-30408 -33339
34026 71546
-34040 38734
-42357 89038
62713 10019
-9035 -37097
-35346 94036
-19165 2919
97623 31532
8518 -17351
-62484 -27645
51288 25081
51998 -59289
9843 85534
-12377 39650
-75715 94629
21774 -52141
-68325 10167
10450 -81359
98451 82585
-7711 -76507
66428 -325
43320 1774
-45316 66944
96048 -51254
10253 -23283
84373 1648
75865 72805
-44751 58001
-17012 86849
1547 64109
-43433 -40289
17387 99780
-2072 -70281
7716 -30976
10383 8686
-8932 -35645
-62270 39499
14359 -53288
55108 -91271
48941 41045
62281 -22785
32737 64149
96163 -935
-92597 458
18036 73940
74838 -11939
5190 -8615
44488 -18005
30956 -69128
-6102 93840
-32288 38540
29967 70353
70468 71868
-23999 -36668
43743 51880
74476 -92821
-86316 26232
84185 99485
49353 -13206
-80312 26749
74515 -11265
38800 80684
-90802 59228
-41327 -25032
-70887 6233
13185 58503
-66004 -84207
74167 23942
-51835 82565
-71377 -7771
-49205 -48935
-98121 60926
80241 35522
-68405 -11655
-30887 17514
27787 -15139
-49981 69060
-60157 -23062
-3359 -52559
14384 14962
98538 -40954
95588 31645
-45104 13185
37159 48933
-90192 21281
-655 80831
-42762 59772
21412 -29536
27323 24178
35552 44185
31836 67667
25649 80680
29268 -38214
-11836 15914
46471 -81974
-40978 49496
-64872 -73569
7881 94297
6170 82697
66094 -48606
64937 -3631
61297 49311
-32257 -76967
92578 -71849
93300 72028
44843 95988
93453 60917
-26845 58136
-97217 7314
-9043 34565
34468 16912
64483 88058
-78331 -53236
-94996 76846
12281 83051
-55727 -87357
64771 81877
-39562 -18341
-72045 89252
-39128 -1476
-80562 77451
-72868 -9272
34097 48628
89194 -16175
48453 -69096
-17024 -80196
-2131 -18377
90304 -93457
-25895 -11324
90111 71090
-80130 37136
8893 95568
-28266 -20373
-62039 -75569
69606 -9057
32553 28340
19429 -95729
57358 -51287
-74816 12915
-86278 53031
-58569 -56810
73939 -34289
-70490 80106
-99433 71681
-71063 -74002
-49870 -65101
32211 -94844
-97028 57996
-52414 -35246
-65151 -89521
48343 5217
49133 -4751
55603 2647
-78190 767
89083 -91327
56645 73396
4290 -8392
92805 -87835
-4204 -19677
37219 -1947
81940 -85302
-83842 21659
-86864 -44997
26615 9671
-34963 98925
6111 -9257
21085 -80165
40355 70558
30183 53792
44167 -56996
-9690 -54302
-32214 -9301
-16803 -80983
-14648 33021
-25140 -69473
84597 -86574
66354 -81354
-80688 47759
62353 11274
17293 12317
-34071 -75554
-29281 33068
50056 73618
44212 93679
20082 -29671
15583 -57453
31347 -55152
-78357 69074
-26488 52521
14820 61444
69031 94909
63685 22714
28539 -94750
85816 65892
-46511 -63917
40539 -38204
-32036 -98779
73972 13264
-19844 -71626
26634 -93869
49222 -56974
-16034 -31821
-25990 44319
55367 13518
-83009 -89479
-68519 23567
34793 -45580
32387 -2868
-11592 -45367
50988 -77237
-14018 -43351
35697 -2674
33426 -90917
-20948 19864
-98463 -39717
-57754 -72554
-48897 -34376
-98455 49402
-64862 -23959
40734 52
66670 61240
-85585 72352
-91540 -96252
84232 72422
15151 14679
41899 -16462
-76966 -95829
-35047 60264
23625 66405
83953 -82375
68896 -51337
17774 4792
-20847 -37946
-32098 -33387
-66374 2096
-77195 1990
81184 -30125
45475 63789
63007 -52747
-70712 -60546
20479 52043
31101 -64571
54569 -1177
50889 51975
-10219 84830
12898 27059
24904 72849
25443 -69809
-86343 -11559
-39436 -45066
-88766 1467
-37919 -9618
-88622 66339
-84654 72850
71058 23001
1413 -7458
10863 58363
79175 -10054
61963 30367
-35695 -4875
-69828 -87626
-79300 79825
-31313 42863
909 -65489
-50452 -12449
-12116 4549
-68251 -25430
-43422 -18247
-32327 19577
57845 29461
-86818 -81099
35675 -43171
44746 31312
81268 74655
-33328 16547
-71715 -30036
93539 39695
-21609 19008
87600 -38084
-24665 58332
62636 34023
65791 47754
37082 5278
29204 -15319
-27635 -27481
-63948 -57162
89533 -2746
-54692 -72487
-84567 68885
-79772 54174
67023 76736
-92451 -32648
53261 -73791
-24657 -67551
66269 54219
61808 -66893
-12466 -17829
35272 -52494
-11161 -43015
49707 -10215
6802 -38107
61724 -6197
67022 -26432
89426 96887
-7665 -43646
-23626 5491
93253 63378
60251 -72321
-50000 28235
74823 10908
-79483 69178
70233 -42988
52623 -45442
81061 -70531
-12506 89282
-55593 -9775
-30083 -94666
-89349 401
-52845 98905
-25018 -94363
86165 67835
29992 58276
-72481 -42625
65952 39214
-72242 41107
-10280 -98950
-84155 -48816
66992 9760
45446 5554
-77763 -42380
-39770 -90451
-16035 58779
-8578 -77829
81029 19347
-96713 3075
-51613 -71285
-14153 22961
-51888 -16687
32874 -82878
94930 -86465
5211 1465
97666 10830
-21910 -5973
27134 96207
-49270 -96752
57704 -31040
46588 25651
54300 47037
-33497 -91133
9202 62701
-64983 55828
-7076 39077
26347 62299
-87380 55238
-8465 -41312
-91239 -60107
-91619 86674
3076 97824
8606 -49338
50658 -61780
-28606 56168
73159 -33616
-75105 -26397
77897 48661
78927 -22672
94744 -760
-496 84862
3855 60229
45416 -84215
20490 64468
9094 -35758
-83987 32183
-38701 20524
-14777 37952
-29691 -91529
74007 -29489
99630 -45089
96005 89580
-84992 27502
-27338 60219
35882 90557
-71445 21514
56262 -93041
-86554 55703
-26735 -23430
13448 21018
35812 89764
-25598 52616
14784 5891
-20394 29912
-50078 -77311
47134 -192
-22603 12334
-47645 -47943
-10746 99273
-42885 83295
-1760 -75473
70565 -9592
79735 -10978
-82442 36385
69104 -36083
-30515 -87013
8434 78266
70272 42361
85464 27540
58739 1751
-75728 -59804
