1000 402333170
-50859 314945
332820 -714800
-978280 -250492
-451904 620696
381185 202914
116380 322642
-709395 -119891
-675466 811945
-882352 637640
-850781 373891
-326001 -190772
684806 -962792
-878431 830067
17851 -818045
974267 893426
-774945 -153587
-729861 -374919
242903 -672952
393668 -897294
-657572 631395
-198963 -162320
191941 -46464
-230838 -939012
452654 934917
952607 327192
-287310 -273743
380228 347545
-772336 -530056
-273356 22701
620214 24
-943714 645135
-139692 37994
-555665 -145514
-223508 543837
-794774 99942
-643901 391791
-926308 -446905
-311644 273859
-895883 -81476
-582414 -436209
-47476 917496
-37951 911783
-664874 848499
-271615 -621536
497055 824083
-986652 -463492
541345 -316421
-516827 -982741
-919955 238154
967630 996990
7198 -952181
-355088 574804
663908 278822
-540972 54474
-45224 254008
-474644 893354
788636 -675705
-417358 746339
-443390 887807
30344 391942
409391 -571861
-429959 -490117
366589 388209
-736537 772874
-159355 -517538
-129443 958955
119863 249477
839868 923975
520868 -164689
176870 801923
578465 160327
-305044 -263060
471670 126654
-965776 420262
807612 595462
794953 821020
69867 578232
-241058 -803413
-293662 -375774
868046 378225
83225 244216
-750560 68509
401237 -211686
-508482 -186236
-352814 370561
-716383 -818926
-375046 391542
519253 318786
869413 -268792
-940520 -24355
-112622 -641262
334793 -317470
-523311 -345102
887592 -984552
-279379 -440615
-597330 -135092
-559241 837722
2069 396188
-675308 -70740
213060 685754
-500248 -80737
709639 663340
-544991 75980
522595 -209420
346777 326546
944871 107763
361566 -299542
464510 -355471
-200 -278320
-385606 -728177
-548652 88600
-496300 -908180
607215 -428739
872268 197580
-221845 746195
794444 -358066
-748322 281888
685374 217005
568670 -175154
235607 -473603
-186196 -240622
-230700 -200897
614364 -660347
-589821 -490655
942081 45502
-894153 670790
747067 642297
-282412 469297
-389010 -725448
730560 666074
-577586 759618
-950817 -383172
-974089 -657915
-673483 431658
-406825 -619895
-631879 -376076
724340 213727
-795343 369987
72492 -103096
55140 302992
601416 10562
271098 -65419
268132 -223042
-170263 33314
430024 -442984
849724 -16909
711017 380794
912655 364902
-146333 -188271
215361 507741
678099 -741381
-875228 -783714
-831511 -887138
-983195 -500953
-773652 370484
231625 931313
921035 493449
899230 -943866
-544123 852302
-49093 -586819
513612 -152904
86186 -368141
-516559 -825649
213705 905493
973454 530454
866814 -275545
-403647 847012
200238 338205
-974921 -542937
-35157 461996
651606 514596
-320610 -236747
724708 979132
-30013 -610466
248872 71849
-276669 -538980
-229305 224797
-746329 81861
904601 489885
-495740 -163045
-795329 474105
263725 -654354
96134 191709
154361 -243212
-380324 -290311
995123 -339288
4941 -80164
-653979 -200480
-590081 -355328
-265729 -300208
875882 -406263
-335239 315099
-205499 31474
295084 -852659
343131 -797670
-499547 619547
979099 347458
-656806 -123476
-434715 682338
-533573 -607501
276165 274366
179496 -42314
918138 -83106
874040 -216520
-69288 -281189
430239 502991
-521621 52022
452997 3126
324773 232375
428666 -289446
-386858 -950686
780674 579753
-219442 934401
804892 -696988
673355 -158297
-371478 -481722
-172367 -896396
-899135 -766267
-385393 -683004
-756336 663803
-240676 -19445
202500 865959
-707783 -543850
720726 819298
863593 56768
-265903 -622697
821254 530669
103319 582785
-478557 67457
813075 -782834
234733 -629287
675537 678517
288153 -128086
-956990 -11901
-281623 -199717
-844602 840567
44031 123363
684617 792672
99363 88001
694118 -254910
800786 -951296
592242 55496
244791 980833
-560266 -185251
599230 493423
48450 554073
354516 738334
300351 -273431
-426420 -835882
-753362 -914965
951260 -718577
205642 -731788
932384 65504
-645902 653241
720227 955805
-553271 -194902
321551 -434990
138623 402217
503092 647916
501830 -429176
511081 -132626
-661162 -958570
244548 -284095
-811977 -19880
-170216 -349493
132491 77589
59595 974517
809520 -402625
743976 -369719
874006 -884823
-363924 863751
322870 412965
-591131 -756663
919365 -868143
-649171 -138361
638419 358469
996837 558537
-125488 822882
-366731 -897005
918802 762376
320569 -39963
-592452 -561361
-865097 -812111
-41817 792534
864500 28716
347036 -64198
552373 412595
969711 691289
355856 180720
-662651 -56836
-104699 -691404
-596663 -177349
-648376 248347
-343952 975767
368203 33246
-132196 -216725
-599214 925727
827221 300170
300197 -711803
83000 -666043
-351383 174159
-659618 -533700
460889 -30503
779363 -681560
-822971 876774
217564 386936
112614 -702753
955541 -8989
818329 -707462
-449524 98169
-504847 719307
-478572 -841888
-674023 -456322
895549 756700
339280 -146979
-917121 663059
-748083 -599889
-129834 724971
-634268 -875073
814536 -983398
468480 -718625
-402085 -584765
-122204 842938
679950 71873
-824621 -648623
-409250 587961
831858 -949053
-331444 920239
-698126 -840250
-468322 778348
-473740 442366
-762251 315987
-661871 190047
484996 757309
-127883 969695
-187432 899121
827897 997192
-788275 -453062
392232 770891
-486497 536549
-46078 -991948
-829843 -985445
-542893 865469
358798 726242
832512 -214478
392431 309014
383872 -814779
776954 -686014
-109246 375190
489267 652638
-375392 -403964
455209 -905920
747040 -369380
-215105 -374235
427237 -652188
-729168 -867644
-738155 246256
978000 -988220
-75467 -289063
-380053 -312645
-783969 -152381
-467410 -880679
-730290 855990
436508 966004
627786 476869
-546463 -782348
968314 369028
445934 -712903
583478 70720
-824214 -579283
935298 245383
-818283 -838049
500821 -295616
-44031 -725905
-643627 -5460
-145207 -628109
-698865 -110353
-773191 -875993
-52898 -897593
468439 535619
410785 902866
-668571 -156376
-170328 -855329
719506 -918569
966091 351403
969452 -879901
787018 927505
556375 160027
296582 -36408
706387 156713
94981 -189939
256386 173173
880418 545799
-340256 440148
-532618 -36919
52039 453870
-855028 -706803
-634624 239596
-659018 119288
763357 -145014
-552961 194314
-177249 -126282
-643519 365206
-310058 970292
-6977 364434
849010 967838
-957425 855389
-793120 897648
577599 -487036
430623 125936
-95404 253824
-86857 314565
390201 -988774
278418 409873
733174 71993
82700 -710060
-608400 790994
-875606 801525
-752778 -231817
244683 -940337
-106004 596744
-231553 -648283
-880739 896406
-791135 338952
275407 -440234
115608 372073
-584075 -510708
848058 -584553
-22753 -90498
555613 714177
527496 252683
81328 -816693
148155 -133893
511611 -247820
-755777 -233252
662431 -6936
336941 -886949
-556997 -468098
-31289 -761971
890890 -337509
-998128 -520387
3260 231621
629183 -826783
941243 711145
29052 294210
-386487 -702444
-979638 922514
780597 -107557
203701 -46643
377090 -801090
508199 -649676
182157 245304
695803 229309
-643461 630747
-251832 126508
600761 954727
-791695 -90551
-371277 693778
-204537 820803
587267 -161623
526519 358674
-765700 -406414
-728561 664715
-208959 -398622
434473 972823
-717655 382934
-543023 582319
492108 536975
166248 -754698
703610 -778818
160167 918329
-463216 -38887
351782 292314
-352870 -167268
792089 432071
-652445 359546
704075 203109
788891 -470195
-420956 731542
-486603 -746639
-703532 764396
645599 -603862
483516 -605259
242894 -978961
153591 500954
9809 255813
-764633 -84528
567050 -253709
487609 197884
615861 477832
-390081 638223
633698 -145743
437417 -171524
152172 -350681
-76366 -383398
788871 226178
227453 45574
-71386 -651270
293703 -107868
-312118 25439
-738755 296650
565750 -267039
-677079 936478
239437 -362871
-819550 146647
-561585 797040
433269 -446497
-185810 -826562
-550967 116570
765277 -146586
925178 -487853
-793329 678770
-244785 -439523
-111330 223663
-560117 -787183
194551 315313
120851 -680326
721406 -140211
84079 770604
-732587 -8055
-152478 276904
-549126 -518327
-546068 116901
-399350 854665
741969 454177
-186826 649260
148038 565304
909678 -757448
522801 807738
-189869 -316510
-936916 791873
-586369 -982924
-821812 30568
365562 811359
328114 -796805
860033 742935
614318 800239
670990 367430
534292 -954400
979957 -991222
-148988 139025
20709 -321846
16235 -368319
323374 -939845
-310558 302732
-86452 -960449
-81521 855657
44683 461211
-234230 960659
50446 621272
252004 626970
-215165 856740
976242 796161
815236 -271262
-322761 784915
651463 181953
119609 -976397
118337 -883257
52745 -553042
215034 -684408
-344981 540194
158917 -733775
969517 -956665
-174507 427589
162219 304714
806327 -808002
16455 -496587
198741 -70928
258405 601009
3508 -153815
112824 -663889
825669 -219733
-2513 680757
666768 994690
416723 63183
-140577 555960
241387 -979147
126106 337911
-282438 659890
482972 771663
-415724 323582
122292 -318249
-404761 -823749
672181 -448326
-307075 -490998
113359 -11127
732828 -840927
-313859 670858
587552 -872120
-107128 986016
958931 -363800
488241 -338210
-870765 794221
-749315 984387
-96858 705428
-47124 801159
492803 -654957
-951755 -659383
212674 -779794
-853027 -235965
-892867 -385538
260779 -545936
581515 -478613
-270536 -191612
698577 -904275
622430 -810871
941443 111120
500064 29510
340657 373597
-708025 -612657
818327 -561351
-513955 -896199
426709 575806
-925398 723462
-770576 -7993
28021 -494672
-352253 -17545
566515 -491233
-534768 953240
-469823 -793107
863014 851450
-571395 58503
746371 -357721
-318012 -991489
-741080 214325
-6786 724950
-109198 -457327
-213168 -720546
-39845 383901
-631168 167496
995555 393408
-364547 290066
-780159 -781838
617344 414575
248948 122690
-298724 674236
30083 650264
468825 -331370
630612 -300261
232177 685625
905475 243479
-600210 -678061
660735 -384423
-707903 156803
-164898 479202
-640573 23008
911821 -655664
-222550 -212338
-739958 -711792
-371776 98192
-725838 269028
-251574 -399391
701283 483726
-109465 -480394
19406 296859
520761 324217
-997876 -682786
992163 92970
27266 -771145
573105 652750
-379332 -457609
-853998 -387741
25399 -106423
-982786 -804182
-528529 661510
929273 723790
-13287 -275187
790846 511266
292610 400953
875447 52138
-489073 467825
861131 -547186
-230758 525026
601047 -896491
613496 -514155
-746594 -902823
-77216 -93654
-627846 425590
-628773 857013
997083 -334043
-954999 -860125
69746 -291118
557442 -182192
-485584 -677831
983713 528451
361184 -557907
-113611 511973
293504 -444088
-299401 622251
-891630 293960
412189 32856
105679 848717
-351397 503831
445686 477525
-865573 386426
-248864 -740642
815687 -468998
-68671 -385290
-775908 -417764
225399 277657
495113 -695539
-452337 661527
49179 477791
-76856 -159894
-933918 682681
809846 430450
-567706 259647
360213 -436472
-246816 779062
-474425 222028
-905996 -954482
-913711 -390491
858706 155435
-31935 -705274
114916 -740761
-866382 -332689
-485033 564908
128165 280888
-443125 -215273
-772149 -425378
986010 339237
-326761 258598
821763 622970
50252 -687659
-896092 -858721
640824 562014
400741 445574
-720051 159851
-981565 -936386
239348 -985274
-174188 -294606
739302 -297862
-589267 360036
-691491 958757
844758 982642
236882 -638031
-597988 429750
-121782 409842
-581646 138057
709690 -426321
668055 -712360
331004 -916675
-512326 -856083
-605833 59545
623720 626661
827283 -505657
874834 -148051
332638 444708
-455729 -438242
-127952 -317230
457487 732340
322370 -902067
595101 536158
967618 -623660
866269 -207201
110285 -594972
-496974 -156331
126991 -488560
106528 -147834
-561825 293935
-361639 -927358
-517225 -157640
234417 -863030
777811 -842169
892917 -943102
-384289 -328553
347855 -821368
-585188 647133
836752 -887843
-802927 -319375
-276866 356394
884157 269408
-335765 -557632
-872940 -864526
725560 730040
-260941 -558530
725663 -539460
-189646 775993
-950845 -293020
-601597 -104599
870148 916780
506768 694712
-246668 478034
460068 808551
-270886 697816
-620257 168280
895777 487941
514305 -639216
-255364 122345
610116 -524236
79981 490331
377239 -487886
-801691 -280189
-613040 122455
52250 -905974
872805 829330
-612482 -454539
915632 -937123
-679643 -268649
686978 -884895
56964 515140
253675 -116447
301421 423323
-32057 -461337
263847 611356
-805470 285648
-161933 -676238
-344431 -861437
646276 119169
-129054 735151
656436 -208148
-933503 175027
-534439 212690
-801245 597996
704048 -636712
637854 -811680
-712938 125916
-522666 -213969
-260095 521034
550742 769721
-523085 -479633
663410 -195510
-770206 8030
-523044 266894
-190838 -677073
502650 782663
-695035 -574578
-317 -673306
923818 -127504
-852837 -600139
-564453 -498394
216390 758786
-207678 99474
914070 -11475
-240475 743013
356069 -167594
629529 -504590
-799380 -532045
-335403 711121
-492316 -853434
-782437 600451
3791 901869
-331642 -713441
-635896 504032
7668 686625
897107 -25626
-818184 699805
764753 148963
63475 564237
-284069 -959014
913362 -64722
-322399 765502
811935 -120653
484383 998843
34147 14451
877846 -733435
405245 -592368
-351629 564811
-846478 832464
436607 853590
692953 189984
-196423 -807469
824787 557235
-360638 -421916
931166 -340480
-656949 -539727
415986 621604
-464411 358617
197655 332580
-674478 560928
-793858 -789261
203868 805298
379376 708893
710757 337630
847660 941895
674333 -705271
-424470 -101753
93006 -68895
781629 284117
845348 978418
-913908 -425745
967740 -794988
-238510 -653954
330825 -83730
735300 933020
767864 -378528
278388 987658
-155080 -126392
980438 142061
-977496 118347
-738961 -926021
756259 509939
-195608 870445
-561434 -901329
-885617 -23311
-484772 327093
939234 -47462
667065 -770671
444912 -581264
712733 87407
-279755 -219268
-540107 447556
-28209 -717145
-442659 -240753
-441223 -678458
100635 428057
-992262 375713
-603356 -1210
618056 -413566
681118 -821515
-387250 -996277
-689363 386510
851164 540990
-562975 209839
266504 -450619
-870811 724656
861099 -319628
-789576 592211
-614377 -900298
981555 -598416
-522244 313624
441125 294053
-667035 796774
-265778 -589181
578448 -543860
-152629 -474283
-50736 517582
-749262 998926
5961 698861
-96391 -253149
130026 -858310
-601039 -759348
-645809 -468614
-657416 839079
-906792 -486287
-868311 181010
769856 101547
-222245 564406
195873 430028
449579 -479743
-858111 -399117
-582722 485289
688248 -871103
155965 76965
-107907 -521515
988871 599512
538447 649835
849719 777919
564443 337097
-941468 -355844
-334014 555447
-937094 456879
-157136 -795316
-247509 -455781
342371 -483230
-511433 623385
-205290 543476
-727114 -249573
-649272 -505234
10258 740430
7687 747810
-325543 -872362
673684 -418665
-413591 360091
994800 67111
27265 -535624
-868568 -286745
-575445 83298
-738053 -486820
-450682 -949487
594274 -285999
414723 459776
438726 42324
-606905 218267
-325234 -466281
664643 767491
700452 811844
217608 672295
253346 794376
-608526 -631968
-813865 -211250
967224 137354
-430642 279449
-358711 206647
459614 431115
173612 -181676
-643496 -822556
-799261 -288354
691528 734877
-609145 457949
-261867 -251326
800904 171977
109747 834501
-422119 -406988
-773711 -417983
423587 -872625
4621 -686423
17222 -897410
315068 -51699
727663 -522894
