999 1000000000
77421 213616
303128 900213
496252 720240
100235 508927
843072 522799
944700 881800
370960 746
755267 126409
9410 730684
842841 836577
953435 201670
81500 120750
977745 111925
159542 20099
49332 38266
353032 163268
309674 928810
167482 814356
738357 568522
575694 770144
587093 229295
329478 244013
400643 987261
426751 69640
476745 812687
445550 702301
90905 62404
661745 48265
302007 384622
193513 36364
6738 951629
688701 951792
491706 954414
862547 618029
525160 508669
225463 376212
722902 195240
849918 509833
604168 821836
646193 137722
247751 1057
27386 951480
592989 968783
780568 315812
967167 922561
456323 83262
318435 166298
365583 82520
713243 979556
210761 780034
584417 482645
907302 377314
821078 34758
965353 182602
3739 881322
721428 674808
765955 377361
114415 318194
953658 981457
230021 442222
450610 904217
5526 829215
253445 549138
129098 84076
883082 502926
971818 864850
752435 74644
589301 992238
503008 65896
184712 987951
976841 247040
318449 714971
507643 185510
984469 620709
365156 21984
510376 751983
177859 87245
724109 920389
376928 472975
636420 519977
128355 274920
206092 197208
88191 391193
219247 847553
322014 963183
811057 269235
154134 572106
474002 535003
123203 531153
759288 445147
255221 922297
296071 995282
688733 2325
447439 149173
786352 420997
85536 952072
799265 607712
567577 74287
982510 301735
523953 490016
472362 18185
893193 492497
393411 860667
860100 718990
907487 349580
104781 347789
601628 786873
734392 629672
600858 666058
574821 15242
546633 275506
72280 612349
840891 282655
670058 625678
681395 871946
695677 79540
617092 348407
416671 674892
173665 627049
938246 76463
851462 707978
404179 765755
79364 160896
997601 621913
167612 129404
446837 546355
989806 186113
635682 440464
557192 941756
118307 835239
731519 267657
120012 746826
853291 345476
138084 555070
670598 358574
410861 102379
141168 222382
757825 121699
198004 464279
210131 239732
736781 233858
561555 84451
517688 698186
447532 189975
30191 275069
408617 100852
426387 508388
64078 664279
955750 702584
449579 832799
944949 949767
951533 765678
943219 761754
324947 134468
487051 702956
269039 359971
82254 40935
259034 848503
60350 149854
399513 968156
217697 43675
48877 344179
5554 670591
62139 189898
76558 270135
88386 164307
193879 233311
634478 369738
207285 12099
865335 853758
948118 709550
432633 328073
194926 440267
418211 937710
200240 699025
730750 658352
613396 42194
146886 518214
603464 962470
785722 216748
148168 773618
10744 911925
86687 598987
845699 84105
101889 631675
719863 10300
468450 793892
775926 393259
8118 617762
536442 421942
596135 584242
481296 549339
561553 771679
791187 21736
784347 243087
421983 217480
308309 398224
453941 106216
294138 456723
386075 530006
69012 558595
905180 738918
557323 805704
379848 176820
612394 244350
273241 768843
509344 174627
217024 734052
650172 898528
738922 284970
702490 881702
881781 913147
144934 249716
173062 816366
693152 557997
196391 411470
690447 32018
890809 704099
894274 948673
515409 300973
379708 487729
605014 273919
288571 512574
739492 13976
901542 649712
501383 554693
822324 429104
325145 90503
334254 60730
254895 641338
357805 910705
469200 835967
207544 977825
852333 904873
805529 518598
154573 843354
956552 457195
765569 625143
770181 908546
650157 144599
438176 542210
225735 705710
327379 87610
358653 734975
635579 323899
419191 689341
850101 107634
196812 413622
218095 180415
302280 141684
36911 426868
437058 617049
931242 939976
476595 280646
617948 443675
591352 928044
759381 986530
811535 766121
995135 736415
747747 672280
968820 531718
390837 613711
190874 787225
522463 357942
676660 709699
611701 313901
519152 12204
408360 23416
595319 77654
232216 780555
706585 221982
29216 957321
430728 57905
524548 817392
594031 289321
514541 366745
945428 796189
208028 611906
806528 203555
141969 569298
638750 423461
540769 598325
697315 98697
338807 147957
222241 913621
622190 833355
403853 215080
84689 774979
861279 731575
221290 763404
890992 307443
495540 984015
200586 652429
776695 566645
915811 500308
162010 361322
314587 507762
375262 830112
625634 799407
599601 71295
179023 124932
715546 361526
823589 891463
852355 660162
237184 81590
492434 797914
881094 77182
51803 415214
606028 322880
690788 758302
830812 928160
172585 941843
68667 608967
775280 115459
266114 684634
426353 108966
50312 607249
137796 151330
263163 535164
80776 330649
284219 252562
749047 464416
785382 931317
946421 237226
679703 137714
35754 632145
529631 163289
294737 716287
610372 109394
858211 18045
404908 610754
239851 157539
522143 906326
159133 108664
307233 964847
44101 594961
647937 947760
133803 750047
427917 894583
932364 616204
627910 115508
310465 908370
641157 258173
192711 816164
791761 643638
814455 207048
486577 869238
723797 386583
388127 864864
685844 184525
339394 246552
351615 454474
25900 9161
733902 437527
12426 456417
644198 341249
204877 872241
806731 503874
670605 671733
571650 334681
378950 235364
352553 79571
796851 298729
22279 204662
814252 588445
199612 52933
397882 557047
603806 128086
768657 836036
540330 969431
233691 241166
203897 888266
858341 212840
725490 343716
806436 296926
618094 613742
600330 858588
610386 235173
365566 272137
516725 426556
497664 319420
804552 451807
468974 446322
501151 353878
470355 19538
506327 218717
391644 109736
81785 363892
621451 2081
917240 200126
312951 253743
947153 859867
965101 745415
775631 102457
278891 898629
442705 157673
395207 468183
674610 679117
496620 231893
584888 668214
373485 996080
456046 88496
380963 524297
340701 777579
712891 437895
724490 792098
226086 996740
5254 955637
756647 811776
1623 838719
221246 261215
885195 487496
965653 690410
882657 617213
962014 637732
378619 291461
551863 244537
995748 935036
904996 772324
858718 622495
992327 117735
210891 473248
123328 46555
662498 766094
939676 723565
910521 288379
250455 474557
4644 82685
328530 594683
890256 461475
596281 187046
927260 727287
406581 14546
742537 384063
773373 217321
875542 606333
514696 413734
291001 350091
331999 553491
89579 134667
806104 143705
1761 923327
243658 760497
314147 959151
122933 254429
659100 169483
352200 413123
815672 650414
475272 261490
72618 980393
352617 118293
422944 123423
396255 213685
623312 510610
962814 943338
309484 591471
135598 988635
854182 434606
733351 211632
9255 23400
317102 505957
250931 232898
709579 228242
297816 338171
28523 937915
649069 51000
37026 233636
139219 254014
748577 858756
763152 20001
718442 691441
596454 190097
604301 124741
520665 814455
741063 836715
921264 301151
228811 349706
704357 261427
121610 627645
787608 26551
567594 345600
371580 681793
818758 357547
189292 218865
964168 162084
547954 373619
782662 402597
771577 985181
118264 571170
905975 820644
865122 671398
534280 281284
549161 97565
578584 470725
912036 940046
441025 377822
867258 417533
585966 189609
829108 639997
459968 1470
390747 849537
808359 977469
277550 470373
201009 743676
404780 46116
491833 187875
826002 752836
45094 539845
546937 428148
69511 334170
91013 983114
125513 58165
302179 539456
316212 725097
885423 349054
268379 90868
455630 322173
85143 608681
948254 735455
232822 748855
602358 830595
24942 438091
582287 198035
170828 235769
514777 848134
629312 476462
625481 330693
304002 625943
532141 108638
930685 294327
257253 273873
881869 899797
642717 15293
266328 47462
528253 205191
227781 760995
68935 855462
166591 966469
671954 837983
302041 581467
714946 906065
498555 108025
987316 132570
586151 410636
652965 144961
103978 313136
178881 165650
375280 522082
959386 621953
74700 932449
992159 77123
725631 608303
677030 687204
321922 710491
820033 340175
144947 806039
548720 967042
102607 22091
656621 472899
268734 546774
913058 305536
761097 336250
752448 493601
148101 694069
481905 844549
978788 146926
426084 798732
162389 99839
985678 94664
515163 658145
643364 465436
631534 229071
705629 361659
227051 54758
205125 867374
500712 928764
384368 491961
936602 498364
276183 163139
988894 51630
808741 303343
827226 527983
264113 946590
715972 837280
110172 837148
191460 333664
51458 545261
682586 752871
2368 125764
407164 813571
250225 902078
258031 417858
678448 213206
9294 104586
883804 875054
218358 6374
503620 938844
938363 17763
182155 735069
628763 708643
742564 181703
640827 707675
850212 914091
174790 693138
396499 146753
826981 306854
280796 660593
156254 882969
328777 331428
659337 159483
971839 752008
48624 171997
807851 801397
19 725061
451035 662946
492401 158803
881299 636294
23283 293322
873160 900767
845498 710926
409869 803498
590059 988904
291184 897706
611079 183917
305253 626200
191738 680137
368350 154898
772539 951897
801601 625075
428357 504523
747176 907030
755978 439607
59261 806360
300959 957588
680188 462293
268804 574806
898450 479826
861982 745484
694157 658875
141584 925999
21031 875153
264429 667185
802838 136866
119867 701115
568030 904062
622202 626541
310547 188020
627865 973098
504856 345688
917002 740780
795605 725488
263416 984292
493515 526021
349117 271929
749527 679096
892524 612410
309009 385920
630691 961712
131114 82392
333766 244574
373626 143120
907278 111450
875737 695604
936230 658504
106588 64484
944267 583085
900090 579856
447490 887177
775737 551313
427059 825551
645026 405182
424289 419655
212098 200270
909439 842348
166820 150787
551646 564041
439185 322230
49743 799013
105409 425106
370864 363610
136839 11297
931438 670425
817758 877905
890616 182730
699692 275219
355202 3014
247392 709288
3333 982227
589243 160477
932506 773466
568407 392464
647285 300213
841245 229610
557620 777344
135256 112592
622392 232390
644523 714863
754018 864769
86174 560494
645139 1441
997384 170633
507883 392395
880725 803351
430504 732579
885090 485137
193597 167621
761339 39256
348116 295616
534201 198627
281315 638106
514685 780590
527821 425961
303644 342846
859135 60297
719767 524933
514395 101356
746831 400266
694780 231139
811466 48560
306071 127443
861801 515017
983300 650166
968973 396174
477703 947851
832871 284676
704499 641223
681888 825084
98945 315188
290658 223072
258895 966510
3488 373078
976542 978968
581410 671084
530482 956386
829221 718968
661162 191633
470070 853902
334659 249637
758575 884124
493031 247769
279803 585399
299060 112294
601158 652405
861917 994061
766272 63378
543487 513645
659606 529379
248017 627301
503496 777127
286931 871878
830141 620268
229050 648910
943408 699504
888399 853049
341369 446257
295179 384522
988113 509774
607843 394671
981358 32233
351261 949450
771631 739388
285163 644799
72503 733378
459823 796375
165260 539313
654504 680178
313332 563495
823684 348877
12048 796941
29796 836910
321168 55310
356136 515005
418982 408416
924951 970019
200128 305740
799918 581959
947383 204767
145649 390882
166244 257358
112078 608001
94330 193496
500410 14663
498423 161107
624772 492561
404556 990583
789649 105190
824765 600706
991679 757779
806291 53888
790950 260968
133415 712522
75147 422360
72783 72948
491798 792286
868009 561078
774548 285580
474475 948124
539626 885015
774472 265474
50894 33051
884664 597558
420669 299323
486331 766664
815650 800107
255185 943669
728087 677133
783521 512927
855573 442037
923025 51133
159701 569709
565337 888147
138614 750461
702304 652878
917279 832250
57903 854696
720151 419322
55397 212801
504973 578017
707735 97430
212648 927507
65135 375561
649730 94257
34618 668877
249685 360816
455900 321723
421160 736539
671251 109767
410392 496078
215874 547810
432400 567633
844151 944499
178033 121524
776637 83496
825118 584509
69824 221744
777397 865241
548234 148639
736082 228298
3201 925487
523411 354296
284407 341296
680732 965613
526452 46434
557211 285707
742904 488713
419717 131646
705798 724672
987979 819826
253277 89595
904116 513950
628041 439984
500343 949355
740579 757296
799497 120747
311522 144511
264481 84123
101183 238432
225860 303437
679488 240572
500454 917212
376641 935921
138350 40241
486566 8273
798103 562801
754114 11001
155288 18199
120840 229540
825101 486109
932568 544349
850212 241904
980681 147621
354311 873716
464796 229604
113526 424630
391312 517170
922812 588152
720015 88995
421039 194951
603283 958882
864382 486687
69506 720723
315826 433407
659101 934627
979779 571802
86894 996528
506829 728829
729108 503824
939213 483290
820016 68428
738158 545308
634589 141927
858918 410782
461121 916950
643472 461714
735504 790928
848011 99589
510355 522757
274113 365765
593327 759965
507669 823742
507326 292609
599195 240818
83519 761443
686729 263619
710263 283695
737558 970428
191325 165795
789035 997803
673737 276765
26470 932846
471440 967000
618100 731055
488736 376582
754184 899662
454484 969359
119530 858261
178232 165874
567459 88791
566908 595091
221887 592848
432410 457059
253753 579248
590569 154126
731854 410298
817816 970768
548111 497257
613451 707382
118721 306677
345208 65972
426139 472854
131421 864997
765284 218988
811803 962705
813863 666455
468804 88774
749402 203138
189714 830629
162758 700115
260969 167795
775572 344689
185566 608271
681499 249614
816865 730718
43279 535589
137255 235193
212662 748005
366820 273747
294340 65318
744468 261467
710017 929401
139128 801644
588340 801390
256967 11670
717554 208309
995951 903766
949896 181460
425274 3253
852968 524690
889629 958461
401932 3564
138568 383341
734601 185295
458931 984950
527444 427780
562301 107978
75852 672898
273540 101999
82865 991944
7000 702818
835864 363251
599756 706730
258977 956170
885161 119010
982658 44091
64410 778732
198946 707345
802328 854180
61065 801342
369688 398700
534745 496644
493759 491147
740151 493239
273729 351474
227929 484666
148683 221252
792019 159098
189646 332731
114659 863391
725008 798734
495346 634341
566237 930320
239203 423547
133703 297282
137965 832240
790916 381034
23389 564242
310157 958735
114084 327188
391382 138480
