1000 405964514
959289 -186233
666498 723106
258615 -480403
-137114 10955
496346 -426169
338158 136699
444615 -842732
141522 -126020
51092 -337194
563172 -915964
-756087 710464
79257 913447
-830411 -684502
-72959 326003
-972736 108669
871198 -108554
990726 237506
663020 386516
-514856 -417755
-394687 -239328
-237939 63771
-773250 -146286
952019 170814
629812 835659
-39733 -424849
905651 893824
425431 852944
-733594 -592439
-458269 -138642
-10401 -522546
-628734 -53198
-527308 791574
-823750 37794
-305126 -309145
-476824 -654558
-358492 -705988
-575145 725615
650041 996360
-426670 863956
-623755 -991828
251253 -439024
557666 -704956
-973990 -27836
-157919 -577094
-556210 22017
62942 -53847
-327913 324201
526133 79126
974572 53171
-226969 -905857
-348040 976810
-180581 -104333
96616 824676
-928466 -321218
-103500 -810077
-828307 -819607
33916 105527
-645527 987044
-617663 946310
133434 -768193
-926769 993863
-962943 -725179
664368 -729369
481659 -687769
366171 837054
-755425 271235
430860 165346
465928 -382863
772157 -871947
83501 -833650
777370 -502909
57096 228420
673356 -846110
-975310 -906123
528914 -577829
511424 -977340
403144 -881717
-333154 -713612
159034 -747568
-826213 -300911
782410 -992357
400532 -782612
-985532 30798
-851901 726897
-293885 -605783
-36483 -47280
-168653 130173
800998 513107
-429641 331740
-58585 -480537
-430368 707096
-641881 96743
-509897 921816
314460 946566
277994 700373
20624 313774
162165 552000
43456 -392249
999711 -567533
-477474 -180753
82278 -605050
-45957 -619108
644579 -766437
-915761 -630246
-719461 -965919
-150214 -714835
146679 541734
-98288 -897734
-383892 484631
-449713 481371
-483370 -649308
-176080 845
-593492 263370
637321 974882
-541791 280111
-201097 -714722
933703 -882776
-861752 -633745
-862511 -711287
-134184 710570
-813238 774907
-779006 -774155
425423 619583
-280727 894883
604658 -535415
-175616 53732
224988 -510540
-492125 -110667
433573 604123
834641 -577321
312450 55231
427969 318625
621979 821145
820631 174615
895814 -698427
-156980 936546
-271470 906214
-124739 806734
456805 694277
-655999 278927
-662541 -722363
-323532 -609314
873825 595503
184104 -426403
834227 324565
-488112 218874
-140723 292430
564424 -445779
582620 483731
179122 -470706
-992826 -35135
-332460 164353
89647 -225641
817063 474338
281235 -448809
988371 -459081
-312092 -211597
-883878 594819
-57446 917910
-669117 133143
-475819 784244
-185461 751068
-412899 883346
-458082 47497
137303 -949437
-198934 197711
-930819 -794519
-304992 -211076
-737563 -509640
-961378 -243580
-781182 588
-212790 437299
-943313 -911647
780883 328841
720849 218502
-670814 516236
213265 483137
-198647 -660828
-80082 -552443
-819284 15083
-41823 380076
372105 839099
-600757 736445
522865 -797596
-700937 767562
-718043 -152855
-281058 -75744
43665 830306
-325216 -762037
-462111 -894028
892036 -12543
230159 212733
-37063 745269
111772 216736
-850722 85835
-804392 350529
-930120 710380
-255448 451894
841119 72862
-918910 -907579
-386750 -943378
838562 -925758
-583661 795951
63386 -328973
887475 -788072
600029 898337
-177043 -530961
-366555 -121568
-425035 235438
-309789 -110043
50229 217553
222663 -79625
608799 962090
450265 -176028
-343949 -510388
-630241 80228
491133 -761970
-546410 972587
-996250 -995876
-624038 -213297
-12651 -933531
548352 -548503
195606 828230
-836838 -677654
483111 625606
719872 381946
778017 -893324
-541594 -67179
-895368 -703573
740100 900662
-132349 -154522
-556015 -204530
-972571 -203543
9334 448323
-882304 319199
780832 -662835
-706491 -718153
230412 -674143
-241061 -830152
874251 -800227
395905 34644
734533 -724661
226150 422870
678799 -349326
-983014 989852
-298222 -860862
-853480 303872
46567 -49348
-959539 559826
-940936 947673
-612455 -992261
964612 944030
-21145 -611817
-247951 890032
-820740 -557354
227754 907268
-948883 303810
-244938 780288
335406 665548
-964449 -70022
295779 -416265
171234 -121348
-304510 663467
211268 476544
-298742 -717562
21060 -80181
963747 589046
387794 131128
945158 223251
-619873 -824552
-374404 114718
863664 -813696
347714 -954024
599186 534019
815113 -138872
891828 -570175
-644376 -22859
-839048 -833614
89937 317445
41754 -703168
677867 -990443
835474 461709
416835 -693608
-118201 -478175
-761450 188447
-623697 650882
-979258 -212734
-564721 952668
-758534 -653729
-657775 820427
588504 -122770
-212845 -534287
-301990 -817857
-751170 -96090
606989 -783559
-463764 864377
392557 -791351
-455432 -973137
-971103 725840
283903 20968
921697 781405
-739657 477277
975501 479556
-479955 -454858
-81503 367582
-885971 -784278
-135448 910052
-939621 795851
368674 327452
578426 -757091
47931 -547278
625028 -42166
-8476 -731299
-347912 -653103
940291 638716
14088 -511742
-497825 562423
63266 -806033
-59311 804921
556175 146299
-47898 98587
-720812 463149
-365795 -551539
-104084 805502
435149 231737
-188369 -888391
-533573 354591
-818505 700897
962889 23798
768067 129579
-104060 -664291
575749 701388
-134252 -506352
-436697 -53182
-841302 906026
315451 -984631
-330108 890487
-603094 -676070
-180023 938632
694254 -173288
-476729 419116
-393248 -603208
-792880 -571161
157640 616849
250884 144321
-526518 171260
-284848 -243775
389188 288428
980221 -437209
836199 -829451
145754 393307
-89024 941258
783735 -125388
729053 -192213
-563105 84056
-362474 -988848
-121042 325350
-748466 68429
-786146 -729508
845806 983562
691711 497842
-434611 46706
103524 738764
-327134 175155
233326 68384
160455 -964097
27265 477612
706256 23264
199202 104221
963018 218943
67953 547720
-790881 468545
235834 427381
559318 993156
-157432 -484285
-194041 -807016
85345 793275
-73854 254434
-17876 512
47050 -459084
383092 -682865
950319 -200155
-14200 17792
-976607 -986004
-813393 472774
340326 827544
-770247 210383
460056 476136
-97136 -768611
7332 -289997
-879504 -949849
-677853 229840
972045 914399
-50158 880549
-518267 168238
300601 963260
602711 890470
-587884 875177
-506699 153844
690895 -549064
439516 452709
-685354 925443
-318155 -373683
704020 554901
265401 30237
556490 930999
115265 -79194
369399 945574
-678698 -910918
329378 293767
985905 60669
-612376 673958
680925 -499658
-161964 -141743
-923732 -310173
-25422 720733
577586 -103094
-91849 -851127
172367 -431218
-807321 -8856
-804521 545658
-838607 -790055
268834 257243
-550760 -349318
-358484 69307
-395428 995067
-340563 770108
-744540 -884872
-157196 542329
335628 104193
-441870 36532
-728865 975195
-558781 565687
471858 -875666
988674 328827
-848331 888050
-781592 -623341
843790 30307
884511 -944561
397777 571300
845639 -493226
-340945 266084
-289689 78955
-447530 745674
-187512 -705970
-884406 -7277
-130425 974666
532955 5876
674038 -704997
-877048 -230271
826209 -534108
-567704 -11414
-900005 843755
628144 -612280
554974 746461
624996 968932
-253973 620278
723701 -183487
305863 683864
-7860 -95093
325731 -732833
-566979 -755922
-991950 780311
154158 722670
746869 846721
-373826 671403
-973598 -475766
941796 -131811
-229134 61071
830924 211630
869350 -55672
-584873 -504919
-884180 764462
547286 458077
-892554 -545578
-323084 933909
-492823 98346
-514952 -326551
481514 -102722
712984 -70407
-787022 323702
-657266 -854880
-546629 298941
-554353 739520
-613224 -323788
367680 -695547
-556009 258238
-825055 324384
19607 839679
557947 535726
286161 182805
-89543 896539
334856 415770
667048 549896
149085 -965632
137946 -245079
-61811 -697231
205883 -577024
995349 848374
436866 36547
-487912 309740
-889022 -815412
866904 244049
397904 -352573
-632287 956809
-525220 33394
-555048 -244592
221561 -821676
414980 -221549
28990 523202
-919661 -495586
368670 946280
522914 637593
-769301 -938172
470939 -662891
-718711 -123068
689050 -432357
342710 556974
776219 -931658
908122 -685886
-771655 613470
869902 526029
694946 414001
-488309 200310
-870173 808082
-877994 865050
-181642 571453
-35073 564045
109280 793318
611727 534894
-481939 726919
932014 702014
30065 814756
-504148 783887
-189119 187354
31287 -163544
-51607 -984404
-811535 -37523
-297872 -504169
860838 -623817
-431316 127060
-325698 998789
-540566 -963218
-577170 342440
93056 -254410
-168005 -144404
-394208 364046
102972 392956
-11021 241189
-215408 -273989
-971827 377943
728920 -219032
496657 763340
-523585 -949900
-561828 172084
-493622 -544254
943653 -760801
-559281 -70987
-188068 361995
-89726 -435111
-526476 940347
-748559 982858
-45528 82889
797348 639806
-265967 -106034
-755204 -378026
846126 167359
773373 454551
-408423 747583
61955 -759132
191143 732944
990109 -585233
-453480 108275
-717305 -595520
434090 221729
421871 -178313
51579 -997503
-11713 -987336
90808 -723901
922999 41378
502710 -983854
-293889 578420
336018 172315
709553 366399
-34166 -931521
-757591 954466
-542493 194937
310677 830234
720518 948159
-5216 -156759
-535682 -287466
-753175 235462
353262 250782
62638 371474
634327 680355
129584 -383712
-520020 138599
911265 4114
446269 930383
335264 12791
-571252 -823142
-737646 -787855
264819 987716
897623 35117
39005 -339880
39338 440133
-367620 -678211
663299 950155
942624 -207112
-1366 -111570
-652835 -838285
-570879 -795538
741682 -187972
-45391 -319409
152111 36172
57921 412235
-660989 -316684
-513547 -720950
466127 -520654
726412 499384
-99109 -591784
579827 -727312
-731049 -92601
-743072 5201
830047 -478130
753839 -90481
-324715 -168693
113996 -567805
-298039 -581483
917490 635141
319674 -44713
-166463 -289223
367856 -207897
-207149 812363
204919 440488
795851 -260812
-890232 -348165
-934696 492902
682659 865396
426943 639194
-13546 849398
-742149 951540
-36182 -581332
820938 142005
897059 928788
-615763 564939
-598497 53310
-220348 -48676
649588 214807
-118066 589548
-120083 -833229
882649 -656332
753954 177545
817437 42496
283358 411375
-741829 -349014
-951523 393476
905463 -99484
-476648 -924079
-300629 735075
398324 962659
350055 228220
-169265 -436221
378592 -617717
-970362 482601
712010 -969223
618263 -364729
71267 -482934
500855 989455
-781383 760118
-931011 659268
602648 -244523
287048 494675
132715 -479962
-496686 -866602
814648 725502
-93750 191098
215721 50872
-444305 469578
-837109 629233
450187 -573114
865658 985628
-863499 749047
55047 -355393
500498 -528328
891671 754040
-281612 119711
-665183 -38050
-407132 775028
-889755 809690
-589342 59629
-147660 506461
960370 361739
-778742 689754
449376 -65902
491930 -426531
-744471 -692101
-579486 -488761
833898 -704417
-526902 -830593
543210 -844675
-81384 341675
-180798 -853770
851754 87463
-741237 316562
-981798 982510
-125996 131245
-593992 -273342
558547 266348
280738 511691
264778 -139000
-642507 -800604
34601 554432
-516539 -333050
-640323 -316586
673730 -164438
833447 -878055
-534166 656412
152016 -854933
785272 601727
-360329 -202483
659217 -376119
179035 -628937
168207 -427958
319004 -160204
917936 652277
32477 304946
-473408 944557
587243 333809
29636 -364377
571041 846848
646276 622859
-90949 192454
367561 472687
95845 -11631
752552 169773
-494342 800480
872986 737986
131452 -765584
815054 -489982
267386 643606
239681 -288616
753482 -68146
263854 169552
564722 -164862
-536582 -43143
-268101 -675461
-99522 -88810
302352 717876
-228347 457679
846137 477636
-383032 -723570
-423963 81640
-794269 468136
-794585 -572700
113780 -965341
353209 -307186
-110737 -205904
-892537 -988874
-974542 175368
-825268 698131
544216 -356492
48907 221095
-931205 947862
-565087 -344987
-255822 -819391
560519 376773
-233965 221302
-971200 -670337
535859 -476398
481574 260556
461821 337493
171627 497178
-866995 -666219
-690177 618624
48256 599868
-637402 747185
954886 -859550
391426 309176
624526 -50461
558789 -496173
482875 132197
-143470 -373767
-751390 -971957
-908234 -477920
-734172 -425147
-927038 897905
-284781 501150
419870 -520772
668888 -627692
-835695 -399406
-828881 679159
-254402 -992133
-423055 -161923
-566888 477116
-830438 -269016
-186923 20254
410859 543396
722892 -643735
840312 -725941
-484683 376462
112392 -727415
747026 627699
667943 -602521
-4359 208120
519731 -193655
557583 261056
362356 349194
-147160 -795045
-603213 -239023
-299060 83971
-63523 -627736
909886 784082
195695 449147
-363868 -145410
-848284 60392
-201855 238569
859081 740283
-343294 504477
-946807 -175343
-792437 872189
679605 -569433
618220 -206425
258619 -127702
-746170 356388
174388 -937023
804490 -569353
855999 -866251
964057 243761
46025 -436629
996267 -895957
-140421 -529108
468425 -70371
488754 86099
59668 971365
514273 440780
-71808 -748507
205833 248494
-4189 -544155
-337294 -713390
660903 -903145
-154591 -298945
741298 64920
596390 -423698
-378401 102993
178903 -666787
435170 -304251
-262878 -604402
-515586 943903
-288286 -880592
-348523 93042
-779180 450098
791759 438285
384036 -962941
711707 -966933
360870 495625
626433 454382
-416383 333301
412757 670828
485177 -721612
361470 94727
436999 799615
465687 120442
-876801 699193
570422 -144166
-710770 -182353
-806111 761590
-277201 102769
659229 924235
327032 635217
734320 -367591
828453 586305
-638115 167240
824711 672992
-347409 758840
75528 -334567
896122 -586236
-122020 -136876
-734077 320875
-775674 -101811
6873 677196
120609 638938
634071 829274
-898051 469795
-410274 489233
-424453 669455
768502 142202
800765 -356090
-971509 717771
-379813 -944820
486920 812637
190427 -273626
-803417 -956060
520962 851491
274934 113139
-198208 441988
-475651 -943067
794728 -219806
-919030 971282
-969940 -856910
-583848 -215349
-914843 33340
187968 560902
-917942 984342
748481 389342
146107 863020
302743 262020
-253674 -929780
-320754 230343
-681418 679372
-944155 147615
215874 -764097
-169203 671648
551031 16098
936041 -986964
-650247 -606282
-882838 -4324
833172 492052
108103 648525
-211201 145488
913202 910853
-886143 447122
-691576 -198113
-494550 626690
-303124 965726
797306 318589
-946710 -769770
209270 -129170
997387 -169165
29402 -74021
58345 379775
-210667 970138
950568 -616150
-130049 -76870
-396412 327765
-806085 819206
-671269 -347312
-525246 598737
-380061 -79953
520124 -220555
104572 -995562
691967 957579
437069 -863424
-920550 656845
615839 -18766
-657648 -869378
78736 133155
-966631 -160100
464928 275559
-31144 -600966
-294941 -310355
-186315 -365747
78861 -602612
371924 746191
313224 126478
839320 -185839
290618 831352
-759634 -215153
175639 -97388
377301 597841
976847 -129128
820142 -888812
453258 -727859
21492 -897746
774929 -222909
567264 557085
-773671 -807167
-705530 862085
950518 329394
299039 -615791
472260 -863788
-275268 -201307
208007 -376989
-941339 -578664
-350823 92543
-921916 775123
-444866 -432356
545710 579202
281091 -212522
916715 -900241
-79746 -869107
-653768 -870633
589161 299305
640857 -893270
505856 -63859
-329175 661970
876346 -126916
636129 348682
-391491 -766864
70545 -342890
310915 511875
435936 -982213
-800327 965119
-796102 -108377
678772 312505
776335 -599080
-635454 808818
218582 -768411
-863459 768592
-958817 -909979
