1000 395990696
734702 989612
-553804 931787
976606 -337354
35824 -592715
-166200 -125548
294288 702193
-644262 320642
-593966 463628
-115747 172487
-518275 -615570
405993 -29016
-127100 722814
-195669 498533
-417524 -206980
-536973 690925
501962 519700
892789 620282
-265494 48425
686197 -930540
-343309 421406
594695 429052
-499255 865635
192673 -52847
-145529 -865671
826447 -108484
596550 65705
-773945 -385245
-791758 -289421
-35224 870452
-548527 -285394
-501125 844205
994640 49175
972695 685649
-963321 471206
-953362 -117944
314838 55216
987282 398934
863267 994540
453268 -369020
550848 38229
12580 805423
27124 967428
796993 138241
-774518 468943
430999 612113
508879 297024
-673357 615684
-974342 -646543
24886 374530
602203 837898
-43839 120309
224666 970134
-965723 -230291
452474 -571958
-69984 446030
-691358 894047
977220 -672840
218188 602568
121432 -184602
238168 441432
185097 837
-997408 993327
767354 208046
259344 447995
-550114 -730148
593135 967347
612889 590492
740929 -698991
121895 211729
451496 -430263
-227688 -900696
-51122 -879434
823215 -238801
578001 833288
327817 -847678
813474 228385
-750197 831092
-128131 -238605
-530967 506928
-588476 244667
249339 596813
644372 9922
-784820 91454
-162932 -168217
-554540 349963
-745202 -367960
-461000 -752564
-102428 973339
-720803 -602978
762583 -813076
615286 3953
-15271 -423199
-893310 -980959
-575517 852583
962404 -515009
-131761 571952
638517 273241
-738330 -878800
-900983 116456
-244557 -432706
-264929 943212
-569320 881764
343234 782538
210693 618390
174461 -435342
-338121 -627534
-138199 -243825
-436749 298245
158842 -626830
-185263 76554
364441 190207
364583 -321966
727563 242419
-110191 -799788
-171632 739487
567536 115761
-605405 244215
928403 177138
-360209 -758530
384749 841349
696833 -976120
481345 -595117
100052 15058
438002 936054
-766674 466501
905840 891996
183371 -286930
-436176 155531
275748 258354
-508704 773347
-803824 573815
-286618 872400
-817285 740444
-984520 -358437
-628484 412890
804914 -424688
286993 70323
572844 -765879
204753 216465
11103 -922655
863783 -20804
-278388 -96984
-452689 -322615
-392968 166084
-844651 413330
-962343 -430325
89147 329491
-973140 -588783
334115 29
115529 -393397
576782 289710
-498830 -435670
-54563 -985995
567965 -730105
509276 50087
880436 271599
-967942 -160335
-20101 -570798
-598892 458843
868539 -457677
-477697 -92329
687354 101924
84176 366162
610874 951752
670315 717473
807089 455562
861882 -330013
-152279 -873157
413954 122311
924797 571383
674004 -109534
-72605 -714144
737857 52977
639645 -209772
-70807 -32020
-72803 702072
-82789 440947
965829 -600361
-518253 528678
39865 -713493
-76808 -465565
23824 547830
144971 484627
-554176 -358872
787618 -372601
-386606 187107
-457366 590644
423320 -193462
323773 -15447
809978 -97649
597439 740604
198040 895300
-589078 319539
-609753 -470095
-685022 -111744
-585266 -124924
-519869 310758
705071 -338619
324207 276271
-364537 99636
466572 137700
566684 -990234
-128364 584537
-469093 -542960
-986471 604402
-979996 984386
442582 -854420
871685 864134
393628 -762752
-562537 479197
-933375 -529787
-57408 724338
-855540 -26525
-843226 456165
326856 351264
-677078 23468
13936 97355
774338 259857
22381 -63933
-194263 -928334
67126 875834
924493 872154
-619892 654928
493078 -369001
-507692 631108
288147 -200583
-925108 53321
-898224 -565177
-837209 492889
-88725 -505696
49491 522586
394118 -353936
-817872 783788
-514131 878701
151102 569477
777973 -568799
441332 -867436
-869107 -42203
332375 -437998
-556421 -952758
-915743 525764
-960054 737936
17753 779119
-645284 908364
205813 -147080
71982 -141032
-42414 -198835
-630639 601757
-460550 -396508
-947884 972868
307422 295827
226504 -366657
784611 415706
296692 893608
69530 -367746
-654128 -475393
-579461 230416
-840583 -14834
278663 762457
-553146 -406342
-963408 -519193
241882 792793
397530 -822773
-166919 -489389
536601 865608
-355793 460432
438006 649827
898844 -467376
-173762 -900050
840919 382435
-386566 202178
-45974 229845
-974993 -875031
-134710 304046
591730 763507
722259 17381
607737 82020
-867881 -656889
693665 -206452
268944 -551858
-801872 -851535
56167 -575721
-415970 -666330
-744806 357112
219080 -824902
-592458 244871
710736 -217166
-561648 811051
-291768 24631
-384704 -746751
-912693 439097
693838 653522
251535 838052
290097 -639060
-635928 -749793
-800949 677735
-775378 -365332
853882 471516
-152899 193943
768307 -585608
-170973 77697
-786906 -119711
-33627 312261
-426397 75080
-420238 -7387
968677 -776656
244886 305763
468713 492092
-400947 301301
-284317 -522846
-32434 496245
-332109 649886
-995019 -315678
945202 -362556
-98081 922742
224189 -390823
689790 611759
435675 -977389
489483 -408535
-561674 233280
481353 949843
-741922 359454
216924 760995
715334 -620203
761639 -459831
595452 -355701
542183 -781130
934657 505126
642122 322800
425226 454709
-961284 470682
544400 447245
533755 -928884
-846505 102113
-450397 141330
-479912 -516954
155225 -489471
-345751 776004
-923043 -830986
-631127 -961410
859097 837788
255906 858848
76486 -146836
-69115 -196766
-189162 697336
-167507 302817
3860 -87924
-227677 157337
300404 681016
-40829 34184
-455261 -155876
779454 130621
361109 -267686
-724451 482881
429816 -594708
610816 -520171
899538 8853
-267722 -930508
644029 -119929
168919 -826229
-407384 563289
111953 224553
-802214 770624
312040 -683494
-877367 -714572
-398466 241383
401726 266658
-232077 -340535
-744839 -881156
-247549 26646
-695800 -833453
583758 348426
-784092 763935
402501 242255
596385 238001
-412190 588294
-799822 977745
602552 626992
-946468 -727291
172317 -925415
-90628 824229
146213 -372163
-760790 189853
160501 385829
937630 233947
848562 431965
471277 -701117
677780 -839559
-584032 518722
-503570 -913490
619722 -739076
722520 116863
-51034 608313
612219 -785652
111419 -351624
-616177 -963979
940946 646293
612464 -649152
886342 -73863
-397688 -303871
792654 -866617
763183 958147
-682582 -706972
-121213 -951587
-569310 336340
-665291 -907424
300699 -372258
895730 -256026
644426 -269553
383019 912168
807393 867329
-19180 319548
-485807 162067
-499512 322009
-250685 910477
-411511 -234555
-695758 -171350
580920 504569
238969 -172386
-339298 -226399
732055 474449
269482 236498
200305 -721051
150565 -341099
-648961 -628444
163250 47303
195148 850180
-53896 309609
458993 189379
605102 -881062
-282201 981444
904105 -84052
349332 321364
790815 -725323
-577159 653831
-901425 -62857
-868005 869534
-423421 -405213
-236626 531230
-80198 352966
-342154 747708
290827 312683
834797 355090
606312 -908763
936899 901200
56529 478525
-273917 919039
502721 943123
8184 -422912
951343 199821
155080 346458
-684531 -370694
-634548 -641203
-373758 -653262
827858 -569009
612577 211736
486545 -963296
-242379 -148730
-296097 -349823
905495 641366
-967540 145548
518553 -831003
786207 895267
-271504 -974180
-605522 895327
722777 -221306
-939772 321351
291541 -993111
-80907 -288071
558625 825329
-112988 901948
249840 585943
-543636 282038
769083 176694
718845 -790611
-238462 187752
-75786 691961
867587 -25469
-846044 373771
835227 -867740
-537831 -736597
-811124 470755
-129874 -355227
106287 -6888
-110437 984838
387451 689490
198978 792175
783827 616505
-932607 757199
391794 -224741
-814212 -15347
795509 -436626
468053 995576
-698102 518282
598704 -993409
630773 -426440
35180 383774
-390662 -931661
266579 703843
-682095 -946585
-241608 554945
364405 -390007
9959 133604
671906 -625451
-189439 839873
173898 511379
-98682 -201784
685739 -957539
-11985 -129073
317824 -215768
468978 -133483
283227 584973
668953 -389267
-992593 639785
-972383 595447
696093 -378284
185798 942309
4905 -757195
810488 -606107
807360 -482376
-542602 21533
85822 979205
-280656 -787348
-262017 492578
-566526 506157
-7374 -368915
40036 644582
207850 358146
276370 -93509
577775 71459
-730891 -43255
-798408 429800
-652293 706460
656361 518733
-175230 497864
-930154 607633
136451 -740509
-247706 877078
512804 731444
-757655 -88677
-742603 -43267
-409245 355839
-218065 53047
-521693 -323557
-874929 -84114
-264375 231739
36434 630406
142478 -122834
454406 -650978
575500 -113947
-936452 -109747
666534 595019
193287 -864959
29825 -596888
-616697 -715663
813218 -475310
-67917 -788624
-54771 274514
993234 350037
712848 189378
-508630 -669349
231495 -165239
-843399 45746
120300 -341742
-163733 380811
-409756 -204790
-865287 297492
736378 717638
-273525 580262
936299 22508
572425 940104
-607111 -33372
186496 914978
481912 -295224
-40703 29194
132461 657866
-369862 -545032
-437861 -716452
-69693 -794771
-744657 415711
394686 360819
603702 945727
-865324 425835
766630 99802
399548 -511968
-292976 -472115
-996935 -249241
-252151 -803976
301073 864650
-565783 109668
-857118 -429628
516592 -897032
-520417 -939119
167624 524551
267224 -206905
-119135 691916
312256 -120177
651981 393020
87884 -386048
-788951 -40220
-831361 384338
-440697 618745
802622 -8561
112624 743304
926711 -293962
-241117 930206
327569 550879
-599932 931710
918367 782472
-819850 695979
332221 -270180
354986 930513
-643901 -967331
-358895 864029
638580 -311825
780986 -820881
-81842 534736
896520 -928587
-187584 286139
-263939 891960
-636388 914967
-396469 870747
-450435 459554
-917158 951300
-96163 190839
730806 264672
-521904 836233
-660337 402011
967884 -980148
-681188 463061
-249680 711356
-496316 -688852
-460222 -349587
-862628 424572
-749467 -790152
555560 627288
757184 663943
-469819 -503571
720551 -375859
-322361 727247
-931464 -17837
519384 -343281
-53143 -709751
322722 73275
578371 -271541
-381007 419241
-100608 442705
818760 374779
-449842 -283302
865168 412731
-988735 -304269
-260412 349157
953695 815791
350948 -285850
-125036 -865403
549065 -189985
-614400 262970
-775702 -864236
-605560 -536335
-928160 343600
-31882 -546028
-179094 993837
198647 -828703
755623 492138
735806 -778548
-190530 946445
875101 455074
-562830 895821
681918 490481
-215938 617185
245899 -342675
-208782 -749477
370814 293587
674552 250658
-748538 -568974
875444 8594
60816 -574415
-725545 -483618
409059 104667
465851 799314
429786 -312788
-962510 31740
-227491 657483
907892 213486
17972 -259027
714715 -666464
-735211 -992852
-790774 285350
670720 649379
-769031 -1714
-425147 -542405
-125082 -493498
-908134 798538
-269215 -130188
392416 295613
606392 985176
-694605 207686
898850 -610227
-823382 -219789
65165 -292270
-808515 183644
-227070 -912325
203528 183018
115525 -852564
398050 -828733
292534 632167
204439 -354397
817396 601624
608042 366876
101635 160862
-257721 220253
-270093 44152
-417063 146239
-216273 -967960
572559 681043
-21737 -36320
-799902 -430148
630712 -214515
789904 384604
293076 -10766
-739644 430324
-232484 300878
-636007 -6747
-497194 -41686
803520 -589123
132412 353895
200997 942778
-106467 -948676
-477984 365056
-140241 542579
-498206 726696
-653851 -142719
390850 449134
848553 210135
-623633 464343
549403 -874491
-903836 -978853
-852554 -65695
-512838 9644
-588850 -149661
33035 898471
7517 -680874
-584120 394228
-786183 -910025
-930445 853871
-570775 -661466
-485116 162961
596871 -221811
191109 800922
927715 -581049
-89171 -869594
-444890 -118587
51593 -133652
-600333 253095
216552 -409204
546146 -590979
-506538 -772220
820909 920054
-911215 499073
-445568 -942667
-880497 -672009
952649 877019
-163128 -983352
998849 -951824
-170289 196415
-751043 -885754
-396701 -164223
803105 -976105
82485 451786
49655 230195
594989 -99425
-320007 722083
190138 -680150
746317 -913953
186833 -440767
-753538 948503
-479464 -524463
233869 14961
117275 -834158
-432036 955448
389440 -553913
521407 -712180
-955330 -428462
986764 221734
-827213 332713
734020 -41410
-935328 962364
-627327 405726
470141 -349242
-412847 -616992
-296270 -407938
-626113 -548787
417194 -608329
247579 403296
-165538 -934009
-149408 -656358
-61963 -547341
923364 207982
535009 -785423
-697604 -989632
22652 838952
-583201 308088
84689 -5049
160334 1980
-98573 -357508
-883883 -840318
70320 747893
546856 555907
726851 -341969
114296 -94029
-525004 708713
140186 -813764
524780 442235
-374332 -952328
600300 39224
-619398 -445503
-524862 409652
-94882 24696
139398 -863395
-636262 738867
-468762 -982763
983650 376492
-149914 -65822
-892502 -436223
-873844 -235559
919152 607022
-910250 -436524
-673321 -978380
-199827 -410013
-823873 481950
-115062 -59671
-287243 -51915
961822 -41430
317847 -713611
-262831 -901269
810255 -41708
-495253 887891
-616912 -664836
208272 839880
-356060 392626
-109879 -645165
-812485 -32610
1968 -988884
-864729 861602
841744 485996
337890 -802043
-311001 -457654
-281811 43427
493324 943169
490999 -602658
144786 -308610
825711 3776
-374064 931207
-699077 514135
225803 445568
498930 384632
428862 -387430
-547724 185518
-735179 -751237
162194 912164
-264186 -290148
-388899 495539
-20327 696810
-472745 -345738
625129 4540
-471120 275634
-521350 171746
-374967 716928
-877366 854878
-840188 672956
481330 -90210
-66786 -164638
565748 604752
-280417 968248
227149 342934
-566174 -681363
15813 -573459
43546 -531100
721522 630061
-703840 -560980
-404893 -659988
-478840 852583
-550693 -63692
892741 -937141
840853 918409
970748 -581506
-717511 -421711
-565582 -783534
-359964 396611
35816 182765
-345176 -419227
-266699 296216
454758 -767811
260547 -744979
-952906 -713918
-221345 741968
569603 -818988
189057 704079
571829 126834
-45909 -228391
540517 -443214
-905189 77754
207951 -540639
105033 449176
-60769 -869721
4146 -738012
-962385 649338
75167 -833928
740999 -49490
-7041 232284
410998 -634647
-214607 987768
-779733 991773
144238 118387
-434461 -286647
262266 604724
-133204 227736
562951 -676001
416009 199766
-344704 -959202
520082 -413709
-406123 930648
172835 643257
665375 -590315
-138609 784421
983711 -19546
382629 523266
917112 870867
-717154 -529745
132541 -314162
342858 -644034
540264 641867
151209 -401015
-6693 107200
264743 517059
854252 793975
-32891 -247689
-459469 281473
832037 -301947
76102 443078
-448889 -351097
184076 401598
-987165 860937
-866499 653017
76460 -428618
-258751 -801284
584412 729383
-518286 723592
962290 -909557
932768 -666739
310561 -248710
-739852 339695
-33928 -192484
981059 -246833
660703 813044
950690 -357054
708447 -294139
65191 574728
-166939 -372881
-895981 838019
316870 46411
344432 609731
-979954 -529807
-15947 -254961
149436 545935
709482 -299134
390210 -473399
341371 -36262
927502 90458
-715930 -690142
926573 -550956
781635 940176
-212000 370158
-564050 -707427
-109236 -504473
-350547 685629
-373979 -384669
327721 94893
444571 -215954
491931 332599
310299 -878122
-420448 -104025
-752121 -636402
-229013 68395
-913742 586856
-160552 -794891
755658 618105
258237 782312
-336094 122103
74532 206607
674055 186447
-925528 802038
407875 -681638
-923436 -299040
-952260 -114677
-311791 -236824
629374 -287178
-551712 -590517
748667 414842
588568 161444
