1000 100982174
26155 74610
51991 62485
-21657 83354
21889 10348
97083 73947
-57382 -4976
-42087 37963
19221 -92883
2269 56080
-38079 91030
19549 22782
-31135 -7846
-48829 -40396
92315 58018
76577 80254
-56135 95705
18561 36431
-9636 6836
59777 4596
-33357 -94449
-82891 -82054
77339 -41548
-19528 4350
69634 -77140
52533 -96261
-83422 -35680
-33109 73619
47427 25387
-98763 -32331
70365 13944
36692 -55218
-24161 44189
14264 -62753
37789 74063
63645 -73898
-43315 63535
-30466 -38406
50897 82190
54439 -55672
13913 2592
-39039 58654
83244 -56870
94944 -81889
-17477 96037
78487 63120
-75851 52101
-75245 43052
-17316 -73041
25973 -73548
27694 34892
32451 -57239
-30994 -82150
-98777 35262
82731 82407
-99675 74984
-12821 -2651
-27329 2516
23088 -13373
32401 -46291
75489 -18604
-78094 -75740
50846 -64784
96500 8073
12944 -81281
-63908 -15454
6087 56313
44721 -42922
7871 -14751
3184 -3696
-60495 -86331
13387 39664
-7737 15679
-89252 41585
-27983 -19069
-94195 48080
15892 28394
-26466 75818
-15935 -89879
72776 -21572
-54436 81389
-18095 15697
19745 58989
8753 96028
19906 15240
-66084 4212
-40001 40679
52212 19492
-60266 40059
-25306 -23727
-25070 82672
-35722 -46579
64854 -56714
28081 -36553
-17818 -6239
-78409 49066
16024 -44710
8465 -20028
43867 -86270
69313 83355
-28007 -99862
-82588 -36622
-83973 44286
-35360 93922
-14003 61128
-60115 67485
-45684 -1671
87384 90168
7081 63709
10277 78100
9527 -78670
19201 -50740
53778 20907
71995 -66015
46832 45312
85186 -77595
-19959 -86163
-39688 6232
73031 -73456
55791 -83473
-49329 -72472
79941 -4923
-86344 12238
-66083 75962
32141 -15536
-75158 84617
-17364 22080
-43979 -14240
-70940 -82396
-42055 -49548
-16086 44363
-81553 -1098
-41487 -88887
-80908 84051
-51976 66167
-49111 11994
-52837 -53349
-80246 -47163
52293 89391
-22507 26803
-52072 -96839
32295 61525
49076 85848
3878 -48331
2923 44382
-67242 -73579
-20086 54369
-24508 85824
46078 84737
69064 -4036
2459 -83728
32621 -81740
-16366 -81221
73469 -92756
46506 92347
91312 58970
71268 -40775
-47986 -53555
71739 -4429
-15863 -10438
23344 -65332
57929 87780
90131 -89085
10255 -44522
49917 -79317
57426 73428
48241 30718
59542 61054
65154 -49539
-21071 -78303
-17099 -64288
-15331 57779
-35042 26977
65513 -27808
42739 30289
-19141 -7356
-36772 -38119
-62965 75375
89997 8462
79038 -58917
-87776 15205
44297 91498
43255 -67330
17335 -96480
-20237 61869
-48530 4492
29660 19008
-11147 81870
-84656 -91516
-473 -88812
97970 -79977
63455 -16634
-5665 -2595
5239 45012
48641 24066
44569 58999
22012 -15703
-60306 -10212
70455 -2747
75787 7590
-91405 -58187
-94338 -96880
34243 32156
-57977 -66388
98913 -14843
81097 96453
51632 76668
31443 43898
20615 -77943
26429 -22050
-18915 -78346
-81776 47180
68809 66042
81249 73973
-20855 -13660
-19291 90012
23941 -73991
88409 71965
19934 5010
70446 6923
-79660 79331
-43287 63069
-37210 88708
27975 -36348
-61350 86447
81718 -84552
-50612 7623
-17439 -71021
-94171 -42217
-51668 -8275
-14719 -14086
37719 -49962
45119 -18055
88963 -10232
15438 56035
-59061 -58254
3180 -24237
37039 21092
66897 -13540
75628 32650
-23290 -88712
3961 -51589
-66854 -53698
71803 -70992
29461 89941
-10056 -99508
30848 -89362
22984 77066
97067 -81797
-15817 67019
-75692 93599
32458 -97529
17385 -10220
-96072 6675
-81435 -63363
66681 -13146
-89485 -40128
48096 11906
-21432 2136
48183 -44923
-32648 6866
83969 -17305
-9350 80329
31929 -90148
71079 51141
-52584 -19681
13490 49695
-55356 22980
32805 5034
91167 64226
-57326 64617
-50695 50718
-35118 -95878
77253 -17626
17850 28040
-74636 -10170
-29348 -92043
86799 -34452
-37265 -25631
-62295 77051
38310 -67635
-52848 -9391
283 74942
-71087 16035
92485 2827
43627 71325
96682 -14693
-39780 -51170
79386 20749
-40229 31240
43700 82369
63380 89902
78648 -97764
-38570 69647
-15644 -2381
96826 68783
32897 80494
27337 275
3849 -24370
39044 22280
-45342 -34269
-79668 -49189
-44344 -27525
-27497 63842
-5429 978
90116 84834
-82050 53795
-19862 82280
-96430 32149
4539 -43131
76969 -92004
-8390 19020
-49327 54476
-48691 40734
30705 14664
5239 -4063
-75267 655
-37837 46105
-56002 54505
-61698 88864
-91918 -94400
39684 38349
-89869 63686
-38505 -86327
48643 11950
44641 -86600
91459 -36511
-92522 60498
-75898 9031
-64879 35908
-901 -18190
38735 -45279
-46941 -69396
91217 -4070
-18377 53543
-75698 -38508
92880 -1270
-17261 30334
20272 43270
6740 -8219
-75433 -48952
71324 -34884
-84272 76413
63477 56207
-7848 -82545
-11811 -31328
-84183 36536
-33994 38166
67095 64965
99247 -81351
68313 43155
70208 6090
93719 71268
39467 93595
-67037 50621
98793 -60845
-4803 70215
77899 43976
83973 -94345
44021 82659
29363 -11716
-18360 6688
-71007 55730
61760 55905
58150 78778
62175 50817
40153 -25001
-48297 69548
-98004 38205
-580 -83441
-97412 -49904
41704 21587
-38273 -9813
-13358 96096
-97670 78575
-19203 -63873
-47490 17973
63526 -87894
70634 38740
44158 -2993
-11635 -25410
52894 71455
-71911 -74312
-30840 -53616
-27204 76588
60880 -58465
-36571 -78251
-92657 91233
96004 -79545
-63877 34176
-82231 -96089
-77489 36768
-55466 49258
-67291 317
-77183 48962
-34504 69114
37266 -5995
58472 94566
-12217 -2895
-75543 -99451
-50756 68595
-75655 18151
4888 46702
10392 -46579
-14322 -67902
12795 -95265
-98240 -70024
11206 -16682
14229 -28057
-53652 -20279
-38131 62266
-69022 34066
66769 20039
69347 58917
65838 -92944
-83092 -79282
-86654 74533
-50445 9822
-97209 9991
86241 19028
-67861 43237
94648 9952
66313 64433
38462 -66
-28069 63137
32371 28813
9477 86616
75126 61548
-2703 34429
-55772 -67572
-41749 89547
76195 62674
91898 -96715
5605 -25267
-77340 -59109
68138 -70174
85269 79072
-73322 -5382
-9791 60432
35862 95527
-32308 -26483
-37819 69035
-30979 -55790
56499 55309
-27510 70590
9751 -99523
-39168 -24096
41063 -40865
-22090 99382
72011 -24036
42807 -41577
58432 -7444
-24506 46635
8469 -40664
-58464 -3580
-43495 -62034
65774 -23797
-42822 45397
-36738 44100
19060 -97553
31350 56899
-48442 -31649
-75708 -77675
-94423 -44088
-86004 9259
86224 -21474
-8215 -45519
-94381 80939
-95254 -42638
34258 -55827
98951 -6869
19778 48816
-17217 32832
72636 50977
57769 -3537
-57782 2034
52778 -29052
-41113 -75718
64470 28552
-28126 61997
24539 47117
64610 -56434
-91779 -2417
-39958 -85741
-55912 32670
73307 -19093
97606 65502
-87335 1211
10133 40526
16595 -93172
-85245 -11280
-15955 -39093
27480 -63011
52121 -4279
-29354 -24706
53219 10519
60554 96925
-6434 64781
-75432 18093
7160 -59495
-76301 -70487
61445 -4269
-82924 -37025
36267 -79248
69407 -16422
-42899 -19854
36191 34540
-69789 -1158
81632 -73661
-84460 -55547
23082 97326
6886 -35704
-54193 75916
-22646 28387
9174 57265
65788 77988
-52464 69201
16057 -96952
14350 -35043
6174 82148
-36290 -38743
-34308 -97367
36033 9737
88800 -49938
2556 -74092
75985 16745
10901 -76366
-17340 -59685
-89955 -92733
-52057 52724
4290 -7427
-87508 -30261
83978 11271
-23903 -9750
39741 49049
10910 67678
-51641 -65799
25909 -78533
25247 26940
38749 16218
45318 -17143
93574 -43153
-14555 22957
19936 65355
-47388 12439
-67686 86632
929 -67346
-30023 -1439
-93493 -25791
87106 -39581
47560 -44750
57873 -92910
-49415 47124
7520 31841
5228 14703
-98575 33082
-33366 87590
-56657 -69023
81405 -95610
93903 7055
-45641 60761
12979 -4435
4143 -98264
-28313 -774
49385 -5111
17266 53251
72091 -205
39514 88355
90408 -22909
42983 46449
-16830 -72478
-95774 -22011
56097 -66383
29494 71608
68029 82673
45304 -16073
-41456 80077
-34123 -93565
-47637 -69220
59801 44712
3711 87904
-95818 -34620
45851 11158
-3590 -14955
81070 -97699
-75814 40002
-82925 -35528
-32580 98606
-17211 44440
-90221 -69275
-19521 77491
97324 -77969
-12270 92775
-94233 -83544
-64177 -98360
55125 91079
84302 77676
11180 -17493
-92963 34286
-59579 -66161
-62656 95418
-75150 75112
31555 43457
31893 38119
-50674 26250
28606 -84410
27371 22348
-23229 32612
69096 67516
53638 82503
-37261 57115
30503 -21360
-58798 73604
1706 79618
-42318 -39332
57870 94624
35692 -14694
9294 -61252
-69116 66151
-45093 -93015
1815 5545
9996 11055
98411 93429
51428 44975
83683 -52003
-22440 87087
3793 90030
59548 4142
77956 -32252
59554 52078
-63981 55053
14653 86127
-32547 77886
-38791 81404
-7918 68936
-28180 41843
48720 -61531
92634 -44528
-56263 31877
-93209 64106
-93027 -37024
91874 79137
71663 24468
-50171 -78775
-11451 -81621
31475 -30266
7261 1573
-59510 39799
68261 -8766
-85310 -37712
451 -29127
66086 -84870
-24431 56724
54787 -10726
67132 -91076
58541 8388
-75565 10237
68619 -75535
-95916 -951
88375 29945
96915 -75567
-69139 -28658
7537 -64043
-19256 26768
57280 63695
97341 99321
-63597 58785
-15980 -910
-83525 57052
83337 55022
80565 54039
-66295 33931
-96128 22127
-44970 54944
47367 42181
95749 -39028
-82815 83430
10091 -29627
-13122 23108
-36559 -34311
-24789 32034
-76541 -69602
-70803 -23211
-33779 35435
-22499 -60789
-55058 3800
69642 -19221
78599 51912
-69490 -22351
78943 23414
20141 -75563
-48494 28628
-44199 -79993
-33667 -98562
-74372 -62487
86038 -45620
96260 8577
-80320 -88482
-85810 86289
-96253 -12861
56888 39320
-11441 61566
-75626 -25969
-26792 -79260
-63350 -50965
-37293 51603
-14246 78523
-39081 43118
99371 12982
21071 -12576
4059 -54186
-4181 -45353
25067 -11366
-83623 8056
40678 -32839
56940 78247
25452 72705
43194 22221
49065 -15916
-81553 -602
51239 16485
-16121 -23476
56878 54061
-19887 -76411
-4070 63414
-72034 -53039
-75894 -19908
68722 -94365
51820 -87796
58795 30794
16648 -64453
-69727 -65083
-66821 65726
-53457 -85975
57774 -30304
95707 67725
-24843 -95923
59675 -97602
11384 91003
-66284 -26365
-59474 -99948
-29462 48906
-3551 -21390
-19657 93292
-82168 17373
-6413 -86314
-7213 -9289
82078 -28404
94350 17205
47993 -11872
35542 -87894
-85251 -23573
-9425 -83878
-73771 36431
76168 34738
10469 36465
51214 -6969
89617 -18216
73769 -78946
80865 -15291
-24397 45101
-31524 91756
52630 -84991
67671 16066
13152 -72100
71740 88131
-54859 -22292
66054 -76594
-39863 -14834
86981 41883
77668 -89091
69312 86254
-94122 -65133
-22785 -90982
-37402 -52233
31550 21134
-5650 -51739
-9098 -37849
-35627 -4307
6640 64787
-94201 -89298
-73522 66921
31844 -5133
-56930 -30122
-67 81566
-9054 -73585
67637 39027
-29981 47488
-94600 36764
68495 90803
20572 51343
-26202 28583
-97009 57624
-2512 61325
-9916 -16157
29725 19011
94181 14142
-62625 -46528
-30783 34240
88753 -60090
-16036 -61486
3507 98290
-8861 -38838
78307 89404
-2592 52843
54052 62305
29354 71430
20667 -9349
-42551 92469
-4668 94501
38424 -55277
-12659 -81307
79473 85349
92832 64409
-8274 -56237
19344 -8805
40202 27333
64197 -88387
40394 -82318
43633 28367
90538 22439
-76169 -68489
-50610 -55024
-23697 8602
-17656 -69753
-94141 -78214
25571 51533
-3204 -58339
-34043 52648
-18059 -5791
95413 -89980
22725 -3576
-51483 -35052
-78645 93427
-36437 45505
-40309 -91069
45414 -63668
-81199 34468
38667 -41751
14845 38967
-79450 69055
-56379 26892
-14256 24566
42064 -39267
28193 62684
-93393 40215
-91317 76995
-2061 42573
36812 -52947
54827 -21644
-48986 -66691
-3714 37442
8549 -97845
581 -26127
92240 8487
12887 -21514
61353 76324
-88625 -91110
59793 -56280
96286 87746
66115 -60503
76826 88060
-54413 86946
85207 -47738
-84657 -58191
-69886 -64219
60543 22016
-1320 -40026
-57805 -2446
4801 -66953
43087 -25407
-93628 93793
79667 26148
63087 71649
-10059 66585
83185 38027
12185 60535
-81735 -94719
41253 38210
22165 21825
1557 4954
93406 60193
46867 81251
-40431 90431
54070 -95448
-29423 -45767
20204 60277
-37376 95895
43017 86792
36418 43410
-83704 -15056
-93870 87785
-43807 -87974
-90794 -65329
10507 -89402
-57573 87161
-83569 84696
-95700 59698
73189 90771
-18940 -17593
86919 26923
-84601 -29247
54256 -78489
1115 -60408
-17443 -71193
-13974 91962
51116 -74798
-74238 -74247
49639 -23153
-16734 -47997
-72949 82058
15697 -55714
-83926 79487
66450 77399
88277 30169
-26788 -41859
93744 70849
91178 7023
78033 -52157
67643 9843
-8339 -68200
97021 -83696
38378 -16851
-71917 80740
-62470 -99237
53224 -37639
-77821 -73372
75386 22150
59597 -75227
-82095 -46972
-73908 55290
-77756 -36780
-82413 -71995
73936 9523
-27357 52638
26057 54070
68814 -90219
-73859 -86025
-47018 -20533
-32849 -72472
-78189 50691
-32162 80592
-53859 74921
-91718 -11443
-63091 -71914
79742 63055
65940 79225
-85432 -33754
85429 38191
-64063 21905
50502 40191
38523 -90862
49238 82370
-92975 -52591
-80918 68677
-17967 40749
-39071 73870
-72997 -45451
64307 75860
17988 36463
6898 -68567
93573 26743
-84063 -96015
60829 66326
82748 46097
-63753 60584
67218 -80435
-98189 64126
2291 67787
-66418 19977
-71815 94550
86859 -85927
21582 30833
75724 -19323
99010 -29416
-17668 82915
58068 -61129
-35644 74985
-35384 45370
-39437 -10040
5923 27080
36971 66281
95465 -47860
-81429 -78119
-27956 -41025
29390 61852
26462 -69237
-18115 -59262
93834 -44337
-65618 -12743
35365 29602
-38382 -84292
85265 -25489
-99256 -55495
71754 -29425
-32213 -34199
-16377 -40292
63898 4941
-35297 -57764
13291 56625
38282 -70154
