1000 99733447
-91991 71405
89287 -28003
-95315 25404
44162 -8814
-37433 14417
-91834 -82190
-20925 -66903
56898 -21875
29742 -26214
-20643 13531
-11192 3479
-49209 22538
723 -18096
91562 -89962
36419 -7626
-54528 61880
99456 -42385
58954 -29816
69480 29484
79379 21299
-56916 -27536
6603 75252
-27200 78756
-49682 -49324
80689 -95796
-90675 16738
-53095 -91034
86118 49428
96207 -20583
38918 61488
-65962 -59735
-92464 -56026
98397 23650
-78095 35380
-75098 35627
74024 57702
-70580 -43732
-14204 42274
60180 55715
-19336 -63463
-86657 81950
22418 -72394
80774 74822
55527 73740
-38015 62888
-38238 24078
-47367 -72058
64193 96694
-59490 -27181
57853 -18838
-5792 -37504
-82761 66668
-63736 -54857
98078 -37165
28655 -58764
69591 56733
-46683 -18544
-25660 -4273
-34520 84820
-95958 -92734
7404 -46248
54179 9974
6759 49794
-51882 -7878
-44253 -1803
-90711 1205
18538 16479
56694 -14448
49015 38416
15260 -56013
-33791 21459
-37759 -57780
63714 -46788
-36779 26315
-47091 29837
-52945 -25117
28086 71064
26838 41462
47738 68201
-27927 -23544
18884 386
-86329 -6622
59695 62442
61768 52752
27880 96336
-41263 -9270
28615 -29849
61126 -85803
20050 -4749
-73244 -30118
33296 80773
-62393 66868
-44755 -90773
35605 -32747
-62240 77163
71600 27572
35269 -23576
87038 53799
-88732 -7273
33113 -7122
-26607 -59270
79954 -34443
58696 66481
-13150 -22038
-35314 -99254
52970 -74210
-41681 -49041
8689 9475
-34421 93304
46830 -6792
-70093 -47054
-55433 7843
-63094 27813
10258 21640
-28933 -11964
-26995 -96226
-54271 -49088
-86334 -77230
-92842 72829
-74598 -1780
11936 21801
68063 -35280
48912 -97604
-2516 58652
12680 33693
67010 -53544
-6750 33239
-53814 26324
-21370 32892
48999 -36263
5886 18959
44652 -2541
79046 -79506
-2836 59785
39209 -94830
48585 18660
-77767 -62246
-19282 -64646
-88278 -92888
68887 73645
31576 82309
-21110 14841
76131 36163
-47424 78010
-71214 76275
-50357 8279
14163 -49194
37375 -55628
-27479 51769
-78116 79578
-88748 9622
-33031 -20397
3592 13845
-82471 7646
87649 16325
-38135 -20073
53114 6157
-31847 -30682
97176 53828
-6735 -12270
-10915 52796
-95647 74987
-42931 89761
16508 61163
62654 -13987
58627 -69839
-70533 -1114
23795 -75974
83685 94241
32607 -70766
30730 16025
71856 -58781
53491 -5447
47339 -92920
48249 -65924
2281 43878
-44275 -99886
-15887 60093
-41309 -41326
92006 74284
-28147 -81551
42851 89427
-21645 89453
23431 30686
-21177 90688
-5339 -74000
49893 -41498
-29339 93410
-42458 -61195
-67720 -13588
28380 44964
15825 -40371
-811 33350
35497 -70970
-89281 -66240
-95995 16706
34419 -11320
-24998 21552
51618 -68937
-78648 89714
72992 99056
73541 -73475
-30838 -56460
-97374 34961
75981 -83001
92767 -83677
-4386 92451
-4164 -77532
-91364 -82254
-78251 26459
5421 -44705
88905 -74713
988 -92439
-37105 -94949
92194 -43196
-71255 -47303
31814 9434
93983 4059
50057 -71521
-80764 -42250
74932 -27341
-28301 99820
94279 -92736
34049 -25502
-33476 14503
75777 -54471
88560 67093
-17882 43078
77054 90071
89697 71542
-76324 -33148
237 26392
47972 26581
-70879 -34592
70095 64654
39013 -47871
23090 -4886
78602 -30528
97431 85428
44868 -79287
-73849 16176
84475 28672
8875 -89904
51107 39539
66979 -83855
2865 -21178
26765 -17658
-28170 -12838
-85100 -73051
-66462 -31186
-5831 -18084
62931 43139
59695 -34756
-35508 -63267
-75015 -32630
83179 -87096
-56612 -42943
-51679 -84034
-72897 89081
-43199 -2118
-16511 16625
-52267 -98352
-48402 31260
86623 -29626
78016 -44760
9314 18788
-86407 -85613
-82962 75378
98435 -80499
31805 -6750
-95880 19302
-41589 -75115
-59129 54799
-48197 284
79537 31665
47209 17309
22665 -65840
-57722 -31657
-53789 73513
42245 -19435
26104 -43075
27311 26157
-17559 -97327
-23132 95412
62004 -40832
-10527 -74250
-13072 79676
38167 -8214
-36366 24408
68474 29196
-6816 -7794
6033 19104
-22865 84425
25692 7176
-32385 22313
-3156 122
-16508 13935
-49783 89354
-85000 -90200
95686 60687
-22426 -18431
-93322 -56815
-5731 1181
-91499 27447
-16595 -53420
-17756 -42833
-33773 -84798
-56913 31445
21977 -32448
-17255 -19305
4846 42703
-49191 -66139
-30554 62385
71919 -59984
4994 12648
27028 90839
72374 -40746
67063 21595
2522 -30420
-93881 23629
-62030 -33431
-55619 63917
79161 30377
5202 -91186
-34710 -74062
50755 -81566
66663 54129
50475 -18902
83870 30837
-85352 -65117
9396 61809
25706 82143
-39885 -10083
-88667 16389
99720 -98231
43616 -94267
96691 7950
-34675 51989
86218 88709
-20023 -86911
71278 -14830
55944 28077
-34476 33433
30063 -64156
62108 72391
31982 -18619
57129 92712
56838 -53830
-4507 -32123
-5692 -57488
17437 45295
2393 -73681
-91115 62151
-76502 -93630
92997 -31914
31815 48782
-63933 -4729
-94671 -63899
-47966 75137
64630 13484
52536 -60318
54500 61880
55620 16325
21355 -37331
-28454 21037
-95590 -76565
-29501 3034
43955 14601
-82409 49166
7380 -59932
-75268 43006
34597 57662
-12233 10743
69555 -95209
30699 40001
95252 53472
-71821 31364
-76837 -93609
97840 19084
-9409 -2957
47980 50859
16444 93677
-26351 -73974
41449 -16248
17803 -68300
-1142 67504
36072 -29009
74262 -94027
-44005 39007
-91374 76625
1431 -13186
8154 82033
-69740 51581
-47151 -28100
94472 37675
-61780 -10338
-31960 81827
82992 -78365
67200 -30496
-27029 97434
25133 68320
-39923 -81935
25189 2386
68840 97609
86341 73253
16822 -15552
-8913 -67528
60007 -58266
-40201 19811
48526 9017
44281 42312
20454 75498
43572 -93158
-25161 14041
-94581 59961
-33548 89174
-62447 26071
50103 52784
15360 12618
-34260 16246
-98757 22170
43506 -49125
-85142 71169
-92181 -84459
44212 -99295
79448 26787
40707 18540
13126 -71421
-69025 64322
-1856 -96880
53043 -54874
-25381 -6857
-55120 84105
-13810 -84410
57091 56080
-78977 -78479
40230 25457
-85244 -76527
-84888 -70168
63528 -89800
-2954 3494
-28994 72074
82857 -64159
78328 -73260
29850 -24678
53692 -80155
-89005 12006
-11048 -62868
-87315 -72055
-55231 24020
-61889 34755
74125 17313
55145 -13551
-8292 -92235
74186 80365
-49018 -5773
-70918 -83856
-16470 96049
-89130 -46054
-49145 -94517
24691 -8150
84973 -60684
-95962 -23273
30616 48504
21227 80467
18676 31607
-41234 -13193
11172 -8253
-73325 47180
-36331 -22728
-75701 16360
42089 39887
4487 -46166
23765 33051
97629 10894
12189 -90728
87277 -93001
56900 60727
73389 -67076
48113 16969
94003 -4517
36548 77059
10318 -1960
-59322 -5706
-48551 -94868
-15114 86781
-4602 -42133
20795 97164
37961 -58559
-85614 -47143
-44575 -75501
-62023 27597
74238 -45756
90072 -73650
92063 -79700
-90944 87820
-16463 -58146
85502 99702
-88032 -39324
1935 49394
70636 34391
49692 7704
-11590 -15903
10056 -20873
-24433 -94847
-90165 59732
68157 59360
4431 -94026
-27768 -50656
-67184 -47648
78829 93801
-46302 -48280
59229 -23835
20765 34175
-70010 7246
34903 -17041
-85315 96877
61277 82902
29511 -30667
-32163 -60191
54209 97129
-7826 -30411
-82861 24498
25315 8828
524 42352
-88412 52775
-54423 -41459
-18331 -76811
83507 -57174
-71087 42951
-3598 -94578
-58635 -67281
76537 -2351
82420 -13942
-29805 -1176
-86533 98033
-4054 49117
-48623 -24173
-72841 89820
86846 61105
81024 -73814
-39462 -72689
46300 -35397
69144 -36505
17399 -30270
7005 -71903
40500 12600
-69657 817
59124 618
-12932 58862
-23867 18407
-90570 -69684
51345 67678
-14129 39281
-69852 38752
35705 -57597
67182 -90955
-1403 60549
-87443 14827
-23464 57797
37692 -80903
-12845 36359
-42053 64326
58871 44227
-7558 58276
-59049 -47953
61873 17388
83675 -13788
75499 -51936
80925 69088
-13007 -16221
70546 41885
-26597 -79942
60640 -66981
61679 -19958
35922 88793
-57292 46609
89371 16919
-41474 27973
85889 76108
-23924 15563
-35088 -85283
24533 -53684
61308 -64475
-66682 13927
54976 81466
-45211 61461
225 5017
70819 -27880
-47076 -88162
-35106 59797
-86334 24975
33317 -99478
-6752 -60771
32869 73026
73728 -30389
-84715 16939
-50281 -71974
-5182 84930
-77283 4918
-96132 -55605
-19599 -91499
5238 -860
-28200 64661
-87080 78057
-14488 10538
-99899 30376
82913 34448
59955 25954
-84586 86744
99855 -43218
-22985 -6155
-38546 34970
6357 -61433
89792 -8381
26740 -24492
-98107 -3759
41162 31376
39068 63888
35744 -76414
35962 98869
52284 62374
-25401 77264
47154 -84745
52773 -94790
21563 -53950
-33378 90486
-89366 -52476
-88498 19688
29103 78660
-62880 -63561
-25706 -73940
91708 23421
-40553 92908
46759 -55501
-87133 -67333
92047 -38485
60982 19851
-30067 -52020
76950 77494
-29094 -59717
-78021 -45157
-2975 -71811
91973 -94780
-17843 413
-43400 -64745
-52591 -82584
74823 75703
-73104 90854
50078 -45726
23228 51909
-5643 26551
-52309 -13490
-82129 60239
68511 -41492
-29752 47281
29523 61382
-54138 -49175
-50870 -55775
62062 36555
-3498 -23577
12899 36238
-79170 55484
46822 51197
-64059 -69602
-51885 -44536
70003 60911
-30706 -74637
-41415 60237
-7890 89529
-538 10034
97532 -91255
-63229 86348
16219 70741
-36794 -71000
2233 6586
44915 -13978
-14582 -76929
-21586 -18556
21542 28934
-67846 61136
-43852 69449
33500 17410
-1082 27510
-41662 -92405
24529 -25995
69928 64450
-17952 -35197
-92582 32537
-21860 -92541
23272 59795
25357 -85231
74995 -4295
-17574 -95065
55379 87687
83664 42884
46298 -24558
-51632 82571
-85903 5382
2540 20019
-61279 7477
-32966 63872
-59640 -60323
-97624 41974
44627 -2011
4434 79977
78660 -87319
-24811 31193
35480 -20944
67112 -35489
-84623 79719
-83688 86752
4315 77544
24899 84101
29240 72167
-40728 2518
17757 -4152
-32502 -71008
20115 -89491
4052 -71440
-69984 56620
60953 -62186
-96978 -55295
37942 -82859
65217 18498
20165 31545
-28142 71328
-85720 -33506
-36154 50866
11861 87965
-1138 44326
-72228 -58238
-27781 -52088
91767 55847
13561 -89212
-4558 67257
-40205 66436
-91732 -11102
73056 54879
85562 -14334
86304 62449
-28736 -68214
95297 12304
84351 -21113
-52943 -25587
46944 81288
67774 -93908
34866 5613
-25854 -90993
-16285 95407
-91526 -81560
-30480 50469
-34774 75060
30522 93708
24547 -97260
18017 95965
-2171 -80428
37609 81036
28643 -68353
65505 -8769
35386 68733
64461 80543
-36502 99776
21920 38831
-85700 28755
29834 92550
60460 66118
51629 73685
-58310 -3409
58243 -88068
80494 -24510
-40960 14599
53206 84960
-75981 44316
38703 26321
-88855 52257
-71184 19656
-91145 60951
41079 -92872
-2889 -5116
63031 -52643
27193 -68866
-71041 -80428
-6417 -87274
-82663 -67449
10587 -4343
93475 -63673
-4804 -56774
35573 79058
-43851 80683
-88904 14533
-85011 19565
80133 98114
-5373 61260
22142 86231
30102 -17100
41322 93045
56151 -2435
16859 51890
-16922 20533
29248 -46602
-53833 -48692
-6614 67011
45138 -42221
44243 -72695
-10358 -22203
-56522 -34862
83605 -64306
-88989 75191
95374 -50319
65821 -58459
-87774 22823
-23594 -71212
41759 -96557
-65282 35949
75735 -84846
33938 10928
74297 68132
-66185 37629
28491 55376
-44406 -59942
98832 98879
88061 73022
-73166 -16088
47481 -77169
-7827 -22416
70338 46835
87235 -89616
91064 -82828
3269 -65910
-80430 50119
-28787 -14839
54936 -88934
-68618 72823
-62294 -72157
74271 27479
80491 -71174
-28628 46596
-59579 64400
-30882 -24880
95795 -14633
-5456 85868
14708 -18684
-6530 -57102
91435 89196
-96806 -54832
20488 66273
19355 -59221
-21972 19590
21305 88629
98803 -95209
-33015 43329
68937 91915
48276 -96466
94822 -62733
-20358 24845
60356 63752
-60474 10181
-34372 -29594
-57522 -20990
60950 65822
-30758 89680
74949 68937
-31193 -23317
-68049 -93011
-35178 -17064
95763 -17884
-20804 -130
53005 95348
-2709 -69553
85215 31012
-18889 3855
-97994 69643
19736 85934
-53766 -68466
68999 -65679
-23512 60005
32206 -12709
-42837 64361
-90758 91499
85717 98987
-42914 -22649
65412 33681
-69053 261
-88149 -68855
89340 70572
-63660 36642
62210 -5643
-61191 -3036
84104 -73348
48519 -3937
-88482 -90900
-48344 -77374
81423 1671
-50980 -24840
-14356 54713
-97334 -51093
-4187 -32724
41705 -54953
-98307 -90582
29401 86702
-88013 97740
-33147 81998
-82661 70733
-71015 81296
-95921 92421
-63257 -25264
-26481 -43587
-81006 -67934
-59716 -72325
-32871 37802
-95537 41741
74604 72569
96879 -96598
-21685 -11813
-5097 85512
2373 77148
-47714 10026
-29914 -33673
-23413 -19201
77045 -23984
13054 8294
75604 85757
52622 -79346
5576 -27417
-11491 15687
-790 50598
23300 48160
-64244 35929
-61287 71393
-57114 -6630
-21520 22476
-12080 67380
-20377 23242
7103 -24715
-64106 -68533
44263 -49331
-77027 82536
29419 -92671
-11137 12361
99370 7374
1684 -40404
76005 -86701
33639 -71385
96577 -84339
50960 -49408
-44371 80823
-65926 76969
-31696 1512
-75331 -12415
20053 -50357
45966 97778
-37687 30084
4129 -78203
1299 59093
48524 -23468
84571 -138
-48967 -4093
-82851 31963
39629 84879
-52976 -85854
27058 9002
-8978 82923
69384 -14984
42846 55127
53601 -39457
-20024 -41073
-80775 -65701
-32068 -11119
34803 -1094
-93684 -25544
-2670 14177
94539 -92506
76944 91695
98300 -19142
-90159 -35892
-53524 -86846
-52371 -52813
-89182 -30224
56213 -88160
-62141 -4542
27312 -76093
92046 -38018
12559 49638
-24661 -92042
77790 45353
50859 5573
-50003 -24720
23114 12476
-13452 15577
-25782 47430
-32572 -63560
81352 18532
34409 81467
-68385 -3729
64603 -49275
-37990 -52299
48569 2156
-38900 56594
47419 -22740
