999 15750816
-2106 8439
-6793 1021
-2022 -8437
-4969 6995
7387 6949
-361 9059
-7915 7612
2202 1067
-6517 -6938
5154 2950
-6380 9627
7286 -123
2110 7241
4263 5072
-2434 5705
-2666 962
8453 -63
-6752 -7402
-5634 8873
-1780 1315
-4510 7015
-3693 5711
1242 -7303
7326 -5427
-6723 -197
925 -7990
-3139 4234
-7309 -1087
1136 -7130
-2844 -2275
-3245 4460
-7221 -5209
8563 5502
3591 1534
1835 -6427
1337 3865
8670 -7538
-5589 -9955
-1424 6478
7732 -8153
5956 -8778
-9537 476
1647 -1194
-8777 5383
-5418 -1353
-1368 6669
7802 4672
4384 -1342
1099 -8867
-6171 -4974
6625 -1077
3144 -6193
4338 6816
-7715 4704
4075 7596
3546 -2995
5131 9790
6731 -4135
-4134 9028
3294 -6356
-7976 1026
4424 9816
9836 4498
3624 -6056
667 1036
1433 1653
-6496 -8577
-7207 -4247
-9436 2429
6934 1582
-3819 -5380
-8436 -102
-9974 5309
806 4801
1533 -1574
-7858 -5419
-3483 6390
9983 2421
-5693 4352
4870 8902
-7259 -267
7265 -255
4734 -242
3493 9331
-8668 914
-3482 4317
9920 -3420
-9630 -7390
-6474 -4158
586 -3319
6472 -1529
7624 -1521
-6796 8979
5689 -7064
-2136 4339
5522 4908
2317 -8217
-3430 4788
2214 -8481
3776 -599
-6348 7570
-9878 3737
5187 6184
6108 -6902
-3926 7482
-9862 -6588
-791 -2217
8136 -7433
4601 -2114
9006 2405
-8564 -4045
-5913 3266
2386 -4753
987 -67
-5113 -3895
-7479 -9223
-2629 2477
-5117 285
2135 -7703
-991 9261
5213 -8241
-6645 -3624
2626 5821
-6309 -7707
-6756 -217
9100 -9760
8474 1738
8191 5112
7465 1005
1231 -6
4071 615
-9377 -6627
8563 8378
3924 4584
-9382 -609
-3522 109
6361 4799
-1831 8867
6113 3957
9970 7425
6346 6345
-9072 3195
-8943 -4035
-3493 6194
-1016 5244
-4523 860
-6208 -7605
1009 -1322
-1499 2780
7856 -5906
7836 5338
313 5073
6286 446
639 -7883
2960 5101
-8645 -2543
-6591 1241
-4544 -5362
1541 8617
-8308 7272
-8744 -2578
1966 9165
-3004 -2240
2630 9556
-8973 8918
6523 -4695
1860 6223
-587 4232
4718 -4081
3089 3094
1441 -7915
7753 2387
-8481 1087
4668 6894
8636 -5314
-66 -6825
7505 3852
1583 2770
5752 530
3171 -3182
1316 3000
8906 2567
3676 1879
7035 1547
9451 7240
-4092 -9835
178 6134
5312 -6646
-6120 7423
6981 -8242
-3977 -1872
-8749 -2069
-1341 -7019
-4359 -4212
-6806 -3025
8021 2340
-5846 -9323
-3342 6040
-5400 9892
8233 -7935
1575 5069
1031 1845
-3755 6381
-3536 -1253
3126 -2033
-4150 -579
-9562 9207
2389 -8356
-1645 -1188
-1575 -5666
6086 6234
-6318 -9021
-1472 8831
-2183 -8496
-2045 8186
-8152 -9059
-2599 -5961
4280 -7321
-1577 -5182
-6371 183
-5698 -548
-9719 -9195
5542 5441
-3043 -6555
-5723 -884
-9865 -5246
4184 -9021
-3723 -3137
1000 4353
4232 9721
6797 -1644
-1302 -9177
-23 -35
1952 61
4771 -5823
3163 2595
7442 -7618
-5326 -5956
1679 -6520
-7025 -3019
7435 8645
-4600 3392
6186 -6795
8791 6878
4139 -4835
-3920 -4074
1497 871
5278 -9864
-4946 -3675
5340 -1797
7817 -9305
1726 1053
7422 9637
-221 -7996
-670 8858
-2446 -4669
-6642 1997
-499 1457
1629 3339
5572 804
945 -5976
-9333 -7040
-1684 2421
-168 8663
-2170 142
-5780 -7970
-1621 4758
6971 -3958
-5478 6300
-1459 -2768
-9288 2594
5850 8100
3548 7246
6479 -9871
-925 9485
786 3859
-5922 5077
2439 2225
2849 -4913
-98 -3340
8471 -6257
9938 5255
-4175 -631
309 -914
90 -4151
-1958 9024
-4143 -1587
-7134 -4331
1685 5431
-2399 5851
462 -4861
-9624 7991
-6346 432
-4342 -7901
9319 -4542
2947 -6799
2835 -715
7054 -7216
1709 -3327
-8501 697
-1919 466
-1616 -2848
4959 -6366
6718 -131
-3462 -5312
-1255 -7930
4688 7421
-1719 8228
-4542 -8295
6430 -347
-1702 -8933
-6359 3794
-7341 -9920
4930 8808
-8363 -3595
9227 9617
-6427 1213
3848 -474
6365 1865
-6714 -7571
6607 -1357
3547 8861
5204 -635
3068 495
7368 5284
4949 1008
-1760 -5512
8406 -5082
-2897 587
-2958 -2588
4168 -3340
6006 7821
6404 -5584
-5462 -2189
8088 5687
7103 8270
-7681 -2706
-5105 -4915
-9922 2226
1472 -7076
3462 1583
-6115 4876
-4428 -6234
6134 3953
932 -3544
6961 2399
2894 4289
2610 -1606
-147 7572
7231 1548
-6737 1437
6702 -7960
5252 360
414 -1081
459 -5387
265 7893
-4779 9898
4365 -2606
4730 -9524
-6072 -6853
-6891 2340
-2955 4837
3126 6122
-2281 -9857
-8673 5199
2745 -6128
9658 -1993
1304 8986
5787 -1768
-367 6473
8687 -5796
5047 8381
8073 -3028
3471 -6881
-8669 -8043
-2310 2838
-8090 -8118
-8636 -6633
8464 807
-8577 -8328
8886 -881
9064 -7565
-2912 -6484
-379 -993
7244 -8954
7353 -2701
1418 1541
6451 4150
3184 -6867
-8966 6089
-696 4528
-5657 2208
-761 3992
-4380 1898
-9359 3593
-4014 -4861
9867 7077
3646 9822
7327 -514
-3873 -5442
4387 1384
3801 6496
5130 -1905
-9581 -8557
-6891 -9579
9968 -7806
2155 1487
-136 -9649
5353 -9233
-8273 4702
9151 5596
-5744 -8192
7705 4628
-5458 -1723
2544 -1983
3874 -133
6760 835
-6252 -7996
2500 3243
-9879 1512
-466 8628
-7026 -4551
-292 7962
-7811 7068
4817 -2238
6401 9682
5408 8064
7302 989
9515 -2520
295 7638
4694 4719
3385 8550
-753 4328
-3482 -4957
-242 -9278
-6542 -8132
-5249 -5455
1827 8025
-6162 866
6621 6793
-5525 8491
4353 -3569
-9876 -5439
9479 -6274
2157 -1345
1836 9620
-6962 -314
8851 6035
-4808 9856
-9568 4394
9834 2289
-9455 -2619
-625 -4849
-8517 2142
3200 2505
-5195 -8228
-813 749
-5184 4190
-5624 9579
-3380 -3897
-8706 9039
-350 5793
-5026 7214
-8683 9478
-8574 -4579
-4512 -5088
-1992 -3393
657 3363
6047 -1170
9265 2761
-468 1427
4021 9152
3219 -8649
9212 -9575
-5647 6759
8730 2309
3663 -4411
-1507 1916
-3469 1762
3775 6531
8984 6218
8176 7185
-7366 530
-9372 -8227
-249 9058
-5032 -7069
-7990 8366
5482 3214
5574 -1306
-9537 -9
2372 8324
3631 -6874
6191 -3779
-298 -2430
9021 -6623
-1736 3093
2719 7832
5733 5798
-3351 -7983
2409 1790
-260 -3754
65 -2443
5385 5503
-6266 7437
-4790 6667
218 7201
-5281 -946
-1309 398
326 649
4829 1166
3723 7371
-7870 -6468
-7172 6818
-4905 -4475
6516 -7540
2927 -7241
-1754 7509
1590 -2973
9299 -2283
-4883 -3539
1748 -1026
4134 -775
2686 3020
8003 -5743
-3684 8120
-6163 -222
-3002 1014
-3437 -2737
2307 8428
7763 3265
-9134 -191
-6302 -6247
-9025 1255
5469 -4080
4498 5670
-5504 245
9070 -6111
-8992 -4244
8572 2321
2012 -4421
5086 -2395
-1466 -2187
9246 4219
-727 -8112
8322 -428
2950 -9247
8237 -3419
-4410 -2425
-5275 -2637
4751 -433
-2226 345
9489 9715
5997 6567
-2817 6391
-6478 9812
-3018 -8727
-4392 6485
762 -7219
8510 -9612
2726 7579
2853 -1284
64 -1607
-4390 -248
-1921 9488
169 3024
-2573 -5568
-467 7620
-9515 -9950
761 7453
-5548 -9862
-1324 -2981
-2258 6383
-5191 -2844
-2708 -8772
415 1077
-385 -8092
3683 6819
-7298 4204
-7349 553
3688 5077
-5377 6458
-2741 -5439
4924 -4289
-5843 -839
6799 9726
4422 8860
3304 -2207
-4132 -253
-7517 9953
-9612 -8227
1624 -2550
1932 9274
-1616 9209
109 -1701
-1603 -2050
-6894 550
1351 9227
-7413 -9923
2850 -9089
967 2480
4175 -2328
-4399 -59
-1821 -5235
1516 6556
8927 -944
8456 -7677
-1067 -4440
-722 4150
-9486 -7473
8324 -2344
-2830 120
-418 6992
8316 -6290
-7653 2711
3067 -9580
-9733 7610
-6160 8766
-229 -861
1681 -2349
-4192 -2175
-4413 -4433
-9811 -5923
-5131 -1658
-2283 -9233
9044 870
7659 -3552
8559 -8871
1912 8844
7466 2107
-6255 -5097
-7339 -7553
5440 -7011
43 9180
7202 -2347
-8872 1441
-8674 -4935
3555 -26
-7110 3885
-7371 -7868
2352 -6147
-3879 9609
-5677 344
2036 -3883
-3288 8464
2780 -179
-8217 -9962
-6954 1214
-7 8991
1399 3608
1688 -7046
3913 9148
-5604 6117
5365 1784
-2735 2355
-6748 8470
6810 -8650
-2212 -3949
-532 -4730
-6398 -151
9350 -8187
8202 5291
7277 -2433
-785 -3430
-2375 3005
-704 9306
-5406 5722
-9640 -4569
-1199 2844
-4643 63
-6845 1431
-4920 998
-262 -9735
-4629 -7742
-6486 6554
5488 -553
-3456 192
-7941 1946
6249 9657
-4079 -2973
7262 9592
-9762 -8741
-650 -8388
7657 -8412
-170 -1411
-4405 -6203
8875 99
-669 3898
-4624 6473
4261 -9775
9603 -9639
-8488 9770
-2069 3611
-4775 4217
-5271 -8378
9317 244
804 -7646
5302 -3814
7820 2985
4993 2191
6575 -5384
-9748 -4382
-3243 -6824
-5226 -8393
-7538 3849
1292 1064
5417 6617
1071 -1736
-1630 -9469
4207 6517
-2391 -4918
-7677 -6231
3447 7169
-3294 2956
-5901 6786
4153 2603
2010 661
-5048 -6222
7359 7452
-8772 -3451
-7258 -1790
-4492 3863
-3972 -7364
-5615 -3700
8769 8819
9498 -90
-6214 -5013
3174 -9273
-8458 4656
9493 -5841
-1329 5993
-5767 9177
5157 -3018
-6130 5758
-5051 4145
8599 -1885
8866 4805
9639 2558
7919 -7815
3560 8495
-9682 -8420
1821 989
7415 3614
1572 8286
-5918 4303
-4465 1891
-10 2388
-4823 6445
-7668 4142
1592 2170
6229 -7283
4176 4331
-7439 -3732
5117 -3002
2155 -5416
3141 3549
-3368 1639
4905 -7310
4343 -3661
-1503 9720
-6676 4501
-6213 7903
2766 -5770
-7124 -3109
-7048 2212
-4053 538
4271 -390
-902 -9890
-3459 6989
6337 4126
8808 738
5475 -6143
-584 7526
-6998 -445
6623 95
6962 -6096
-2749 -3291
460 -8775
-2959 3693
-4913 5199
7591 4690
6953 5056
4079 9010
5380 -9638
6571 -5552
-3982 995
7320 -8956
-8265 2412
-501 -7838
-9541 -1047
8157 8514
-6765 -4661
522 -191
267 3825
-7221 -7062
-7804 -7379
2513 3017
572 5838
2424 3823
3248 -3886
-3933 -7175
6168 4549
3177 5604
-693 -3428
1990 -2926
1213 4589
-2604 7371
-480 -7842
2282 -979
-2043 6445
-8778 2463
1687 5206
5011 9046
-482 6079
5700 -3471
-7123 8690
-7515 -150
9184 8820
-4327 8745
-6052 -5836
-7210 6936
-4292 5001
-5951 -557
3066 -8682
9326 6309
-1256 8160
-4594 -7049
-2773 3100
-1436 -4977
2348 -8165
-7305 2989
7568 6035
9308 -1358
6008 -7661
-1340 -1084
-7322 -776
4486 9894
-3363 -2005
-1715 4065
-2680 -3004
-5369 -4006
-3337 -2183
2591 4195
-8084 8234
-4156 1983
5777 -5375
65 8976
2472 3184
-8458 6701
-9949 -319
354 -9460
2254 -7679
-7805 -3353
-3514 -6490
-4605 -7888
2974 2743
-3906 -4435
-8640 -4425
-2606 9474
7459 -1198
-6404 -4289
-8633 9640
6722 -5984
-9794 1199
-347 -7925
-4875 -5371
4038 6142
3095 630
5736 -7807
-6072 2874
-7230 -2620
5958 8017
-3250 -3491
-4356 9578
8555 3935
-8827 -2789
2591 8870
5517 -6655
-3328 -2320
1812 5341
-1313 8130
1405 2768
374 4245
-2451 -4505
1234 9429
-1145 -2482
-6781 5992
5773 1696
-2885 -2510
-3596 -852
-6942 4084
-1128 -6078
4069 -7379
7880 9145
5183 863
-2748 7015
3510 -832
-3644 -9632
6081 4895
-3666 -8376
2532 -3210
8968 -7242
6902 -5332
8115 -424
-5407 23
1519 6185
-2137 2676
-6819 -4273
7056 -1725
6099 -9634
957 -1418
9927 -3397
2353 -2228
-6569 -1754
-3737 7740
-7266 3643
144 -6124
7544 6845
-498 -9507
-3791 -9455
-8769 7321
-5129 -3470
7642 -4548
9376 -1097
-3845 -7686
4901 -4997
-5430 6980
7957 77
-8772 -2992
8274 6253
6539 9052
-9818 190
-2146 -880
7215 -4857
-8070 -9202
-8164 4199
7513 -6733
6292 2826
-2464 -6522
7797 -3652
272 1358
2122 5758
9995 -9967
2601 8525
6995 -4579
802 -5044
-646 -6524
-2705 3701
-5708 8883
3582 -9583
-2679 -1366
-9885 8154
3401 -4168
-1210 6440
2726 9917
7337 -4284
-8441 6250
-1199 -7831
-323 -560
5932 5145
6915 4989
9816 5050
-6076 1533
3798 9146
7838 -5554
-6171 5926
-6503 9152
-8463 -3249
7283 -8667
-9544 68
954 9347
-2711 -4442
-7274 -3879
5370 -8758
-5470 8594
-5273 -2969
4267 1745
-3775 446
-4831 -6867
2266 -4428
814 7856
-8080 6578
-8944 -2381
2586 842
7511 5267
6872 -8158
1280 -7178
6545 -5143
1026 -134
-4896 -6137
2182 8094
-9624 -9733
-2226 -4529
-8427 130
2749 8421
4214 1591
522 -9381
-7556 1588
1303 6588
-5144 776
