999 16342796
-719 -3547
-6285 7607
-6323 961
7986 -431
-688 1122
5821 -7977
7923 8056
-5297 -4953
-8632 -673
-4337 5946
9243 -2003
-4590 -4000
-5239 7337
-2865 -5341
4047 -9508
-3377 7205
794 9967
-1901 -927
9631 -2365
-1705 3451
2114 8030
-3713 5643
1221 -3936
9500 3191
8764 4579
178 -3831
7171 -5542
893 6686
-1574 8174
7676 9412
-4337 -8098
-7359 3707
9749 -1288
-9155 -8834
-5557 -8371
6812 -483
3632 2312
-1001 -314
2263 3635
-4400 -7962
6706 -3647
-6087 9817
-7729 701
-9588 -625
8101 1182
6653 7363
-3959 -1260
4274 7714
9448 7712
6334 -4158
60 7087
6442 937
5267 6739
-6570 -5404
-8048 -4927
-6642 7175
-2190 6095
7556 -8868
-5353 -6994
2986 5970
-1835 -3677
-9102 4247
-7051 4736
9063 -7089
8952 9821
7046 -3667
-7395 148
-4313 8815
-6011 -9159
8918 572
-9617 2674
-6943 -2475
-6163 -2319
1315 1164
-2069 -1663
-4030 -7227
517 9875
2113 5398
1973 4119
-9656 -9627
-4240 5665
-3731 7170
5358 -2608
3448 2445
1009 -3673
4850 -25
8389 9941
-9793 -588
2820 1360
-7302 -615
-2756 4499
-5423 2418
2552 5737
3339 -2349
1007 -2536
9889 -3195
128 -361
5946 -2503
5881 2887
9775 4662
-9730 -5418
-7684 4817
-1240 -5948
111 -7590
-2151 9653
7813 828
-9518 9806
-1470 9268
-275 7767
15 8322
-6132 -9935
4968 -9495
4891 1931
940 6675
-8339 743
8804 9986
-779 375
5814 -1359
-7696 7443
6444 -2673
-1207 7997
-4561 7039
1062 8605
1356 8766
8482 4662
6454 7270
-2256 -8796
5409 2384
-2701 4395
-1400 8081
7341 -5354
8474 -5534
8347 -153
-6135 9344
2545 6205
988 -8985
265 8008
-8883 -4208
-3269 -6354
-2177 8746
-7630 -8189
-4385 9212
9471 -5032
3886 1442
-9759 -2334
9986 2840
-8433 -6051
7446 3306
-9236 -1219
-8865 2772
-299 -137
-570 7125
-7474 -32
-1676 -4556
-5603 1672
8686 -9713
-8478 -4725
-5290 -8474
-9233 -4770
8620 4416
-4821 -4663
-5131 -9223
-9966 -1036
-6953 -606
6819 1926
-9697 9641
-2962 8954
-4504 8814
-6256 -6654
1881 4294
-7036 5245
-8271 -8526
4640 -367
6927 7733
-1661 -7037
9532 -8226
-3887 3443
-8139 -6361
5976 -4210
-4555 1376
-448 4106
920 -7112
5887 9230
7383 -8692
-7153 -4714
6472 8915
8859 824
305 3379
819 930
5476 6583
-9313 -988
-3759 -4254
-9083 -834
-3078 2951
-9361 -9623
-239 -3248
2680 -6021
9230 6111
-6627 6613
789 5584
4647 6619
9226 -2244
7136 -8088
519 -8169
3112 4322
1004 -406
9013 8170
949 -5043
-3257 -1494
-6472 -8993
6504 -3204
8667 6516
-3467 1093
7097 -9596
-4250 -2358
4557 8211
4177 5641
650 7534
-4595 1830
-2437 -4560
6053 -423
5713 -7525
-4379 -6354
8377 -7182
61 -5836
-7220 1700
7412 -3589
-4347 9781
9416 -8799
9545 -9716
-3744 -302
8680 -7564
7473 -2772
-3729 1749
8022 -7060
8528 -6353
50 -1264
5379 -1759
453 -3641
6322 4025
-7776 -3110
-5965 5506
9245 8896
-8165 -679
4065 -239
6135 1848
8888 -4284
-7821 -4326
-9989 -8486
418 -766
-5700 4158
-5972 6091
9080 8745
901 -5471
6049 -4674
6621 -8511
7 3028
-8295 -2083
2174 -5580
-1784 -1068
-2890 3604
-303 -1446
-2264 2416
5967 5181
5561 -4399
1618 875
-6615 3213
2434 -7570
7804 -6459
396 -4390
8823 -5715
-5677 737
-9127 4408
9942 7845
-9107 -9982
-3878 -2061
3037 2210
311 9699
-4331 8528
6564 -7664
668 1667
-5825 -1211
2372 -8755
-5803 -8099
742 1624
6179 6610
1728 7348
-7453 6522
6143 1570
6982 8509
-2772 7596
5593 -9853
-6266 9857
2817 -5384
-4968 -6216
-161 4883
-6381 1923
-5470 9826
476 9387
6836 8575
-1884 4363
-3752 -6434
-6332 -6945
-5173 -4168
-5066 366
-5592 5740
7585 6093
3150 9960
-2112 6878
-8745 -6112
-9487 4890
-395 8208
-626 7001
2646 4508
7165 4849
3415 -6448
3134 -8817
3815 1116
-3521 6685
-3901 -8394
-6521 9175
-7654 9628
-9911 84
499 2886
-4398 -4176
7986 9408
-9368 -3192
-1102 1722
5161 4853
-843 -7404
-8694 -894
-9418 -9445
-4101 -7965
-2076 3147
-2338 -5034
1553 -3453
-3396 -3070
8334 -2744
8234 -4911
-2698 -8406
7095 -7550
-673 -9226
1021 5548
4784 953
1032 9628
8814 -6486
3109 6320
8744 -3013
8695 -1034
5659 6322
-1351 -6801
-902 -3895
-5113 -2176
6321 1403
-177 -2372
5342 3724
7673 -7034
2507 -8014
-6197 -8805
-6606 -2066
-728 5404
5559 1062
-9594 5345
-9127 2805
-1188 -7349
3147 1488
2816 -4428
-2798 3170
-6411 -6208
5090 4619
8826 -62
-8707 -6657
-4867 106
-3461 1151
-588 7165
9723 -6473
-8147 8018
1151 3118
-5568 -6727
-6525 1868
-2460 -1763
8688 6668
8209 -1266
9337 7322
1271 -3547
-4102 -9221
4763 -6373
-269 -5139
-5727 -6474
-9956 -6550
-9449 -3807
-6466 -7211
6099 -2920
-4626 4040
8108 -2909
7160 -9628
-636 1120
-79 7707
-2819 -8159
112 -7485
-6031 -7662
8933 4797
-1682 3993
5883 -8805
850 8733
4178 4963
9999 7789
-2227 8334
-2208 9542
-1773 9065
6365 -4439
3732 9772
-9369 6673
-6056 4558
-4176 -9914
-3127 8448
-6408 -3612
854 -6361
7887 1540
-152 -2439
-715 -3450
6529 -9271
2328 93
-4551 6853
1324 5439
-2187 -9042
-1574 405
-8109 3412
-8103 8499
1973 9753
4939 -5828
4744 6718
8561 -5885
2084 7902
42 6225
-9848 -1244
-6506 5042
-7972 7145
5231 -2551
-2055 -9659
448 -1970
-4291 2725
-467 -7565
-9790 -8247
475 -8937
4366 -9397
-3524 -7875
-4621 -1217
843 534
6648 8203
-8829 -1437
-9635 -1800
5418 -2480
-6667 5534
-726 1475
3034 -8108
-9686 -4643
2850 -2069
5240 -6024
-313 8207
6573 2801
4787 2671
-1549 382
7456 6721
9390 -7144
8009 -9114
-8842 -1655
4803 4324
2484 6312
5294 92
6580 -6524
6960 4575
3193 3606
-6193 9863
-7034 8742
-8114 -1630
-9714 -7606
2448 -6295
-6215 4088
1799 -5058
-3696 -320
-6173 1601
6565 -1939
1469 9179
470 1719
6671 9603
-2159 8588
3025 -4970
-5601 -408
7665 7929
2309 226
-4832 -3573
-2025 3491
8543 -5815
2279 8147
8470 2184
-37 8876
9454 371
4634 1652
-16 8894
-7133 3110
2036 -4244
-386 26
1854 -9578
3935 -4027
9923 3984
3376 9318
9030 6563
-4299 6447
-4883 -177
-9729 -3151
3590 -5041
1188 -8729
904 -3886
-474 8452
-3540 -8507
74 9257
-9247 -4578
6211 -1897
1504 5248
-5026 -2384
8805 -3113
-4692 -6073
-8075 -2508
1696 583
-3383 6381
2599 2310
8823 -6097
4393 -5002
-2200 5099
2635 890
-7229 -2963
-5460 4596
-6154 -3865
7825 5233
2563 -2649
-8261 -8889
8519 -4414
-9865 5922
-4181 -6622
4786 -89
2896 -8474
5974 -413
-9524 -3816
4104 9430
-9334 7734
4920 3845
-6496 2782
4590 9379
-7862 -9515
-1183 5007
-5103 7722
1525 -6651
366 -593
-1500 1975
8508 3168
-9061 -9968
157 -4328
4186 8687
-32 -4161
9263 -8209
3292 -6594
4787 -4445
-6535 -3237
-3463 8329
8242 -2003
8232 437
-3125 7757
3007 -58
908 7999
8038 6632
-860 8854
-2484 1682
-5398 -5320
395 3245
6175 -4781
6515 6430
-2523 1901
8145 6777
3055 5618
6069 7228
6021 -5731
7319 6959
-8106 -8241
-2615 -7523
-8153 568
-9484 6236
-6596 -6391
-1326 4528
539 -8701
-4441 7423
7227 7318
9290 9469
9175 6279
-5622 1122
-7509 6590
8555 -3816
8982 -7611
-8671 5378
9790 -6985
-8133 -7481
5196 3527
4383 2221
-1750 -7695
8948 4322
-9181 -8461
-4795 -8016
9480 -493
5000 4917
113 5997
-3598 -7820
3389 9820
821 642
8100 -668
7462 -918
7248 8281
8425 2441
-2641 7850
9296 8913
-2411 24
4960 -4405
7378 7774
6879 8887
-3456 -6382
-6945 -636
5810 6793
-7926 4729
1751 -2534
-9635 3437
-674 -8658
4397 5357
-7544 3289
6686 -8796
4777 6907
-7952 -9974
-3366 -8881
9264 960
7433 -6169
-6747 1624
4751 8202
-6685 9846
3789 -1932
3913 -2898
7273 -5471
-3505 -8502
-9864 -7195
7970 -5563
8534 -9270
7563 4184
-1865 7695
2297 5536
-3418 -350
-8412 -7126
-5908 1842
-383 4420
6859 -8081
-6265 -824
-1314 7363
7488 -7495
-5374 3038
2041 -6979
-4933 -4002
-3164 -7038
-1184 5721
-1926 7378
2175 -3566
-2662 7081
-6977 -1184
9858 -2362
5164 -1898
8969 -83
6651 5354
-7755 -183
-6310 -9540
-9966 -2994
6706 -9053
-9972 -6100
7178 7997
9043 -9395
610 -1190
4327 4699
-5006 1739
-3561 7187
-9558 -1838
-1234 -9380
650 9942
2268 6986
3946 -2177
-2163 -3754
-8175 -7209
3434 1891
81 -968
8938 -2108
-6316 8184
-6350 -9299
9375 -8692
-4111 2102
8398 2824
-4148 -8854
7528 8704
8289 -2394
1427 1336
-9154 -3121
-7197 -7680
4490 -6849
1880 -6437
-5862 -6134
497 -5812
3327 2242
8406 -2372
6192 9886
7981 -376
-6020 2292
3171 -2377
-3011 6235
-9519 9976
-3151 -7397
-8220 2685
-8859 -3011
6971 -1373
8969 -4767
-2404 -5387
4628 -9555
-8824 6355
303 -4811
9711 -6689
9717 -8805
8903 -4655
-2427 936
-1339 -1918
-3595 -2252
8737 -4639
-5115 -7869
9917 -6360
-8756 -5204
-8012 -6199
3747 -674
3388 -793
7099 1976
3493 -9002
5986 -7582
2929 8408
-6907 -7454
2165 5719
2049 -9094
-2197 -6635
233 -4018
7183 1897
7950 4011
-3881 -9846
-4410 5666
-7101 1810
4830 8642
-283 6345
9156 9943
-5819 -5940
-5332 -3498
-7290 4486
-656 -1038
5852 -4415
5626 7256
9364 9523
-755 1268
2672 -2516
-9974 -8894
8470 9007
1104 8976
6591 -9759
-5259 -644
8619 -9266
-74 1375
9121 5407
2746 4462
1845 3169
-6733 -1540
4320 -845
-8036 -8485
-963 6465
3396 7890
3146 94
9116 370
-7682 7632
-9763 233
-90 -9971
2735 -9887
8136 6886
294 5084
2910 -1766
-2086 -4528
2986 -1277
1931 -8218
-6868 -6549
-1791 -2356
-7951 -8435
-2655 9810
2805 -3927
565 -195
8945 3291
8832 9202
3569 8164
-6034 -7005
6680 -7890
135 4637
6701 -5021
9939 8528
3572 -6549
882 -884
4017 -490
-9403 -9010
-1393 -1733
7451 8291
-8634 622
7308 3759
7920 -7843
8558 -9064
-3109 -2920
-8423 -7217
-7819 -4463
3643 -9647
4679 -1752
-2941 9309
3799 8071
-5995 4638
1911 4529
1529 3952
-7693 -8056
4510 -9474
5945 5943
-7445 -162
8649 8765
4948 83
6305 7373
464 1941
-7980 -9877
3161 -3276
-4974 3539
8701 5684
-1893 1484
9630 -8561
2164 7385
-4702 -4517
-131 -2660
-4492 -3678
-2497 -2012
-6306 9402
7626 9895
1314 4875
-9572 -7875
7961 -5141
192 281
968 4129
6327 6124
8454 -5451
-1242 9344
3555 -1562
3573 -1409
1688 5206
6728 810
7776 -3182
-5642 -7819
1190 648
-8055 6988
-206 -1019
63 -7781
-5112 3528
5208 8162
9690 207
3902 3160
9957 -6427
-6459 -5612
206 -713
1257 -3441
5017 4693
-7679 5623
-6489 8288
-3448 -1240
8699 -1773
4121 -5393
7983 -1416
-5527 -3475
-8139 2022
6723 -4951
2622 -6457
5507 3300
1612 -888
9894 -9405
-9312 5216
-6673 -566
-6847 -1014
864 5978
507 -7147
9926 -822
3456 6731
3259 8130
-74 -3467
-748 -6174
-7552 -6592
-3868 -5146
938 4254
718 416
-823 8970
-5226 874
1830 -9823
-458 7785
-7667 57
1858 -443
-7996 1290
-996 7342
-8744 5265
841 -2872
4272 -1424
-5338 -5067
-7108 -7217
1710 6383
-3351 -9475
6291 5562
3405 8223
-8750 -3071
-7529 -3845
520 -8470
4932 140
-2465 6457
-8101 -8724
-6536 -7468
7190 -6667
-9122 -7226
-1508 2577
3631 2172
6599 9494
-8401 9547
-8170 -8222
5880 5850
4216 7798
7221 -8044
-4870 -7635
-2514 6050
-9875 6333
9999 -5229
-9685 185
4733 2074
-2341 -3863
5522 4781
-7359 -2128
-6729 -4244
239 -1650
-7751 1577
7265 2634
-4139 -5549
5199 168
-7130 -4865
-9079 -9368
4832 1056
-6685 4472
-1732 3584
438 -8854
5602 7734
-2777 8530
-3737 -5891
2043 -3530
-2093 2044
-9318 -4113
-8109 4748
6674 -7119
8650 -3572
2034 -5541
4895 -7266
-105 7966
-1068 -5871
3146 4260
3189 1460
-6667 4431
8468 -9523
1339 -3918
5564 8987
-3937 -5745
-7475 -5312
-2128 -1844
-1718 7403
-854 -1902
1481 -2197
-3457 4314
4771 1068
-1227 4442
-2064 -3972
2402 -1282
-935 -4298
-4872 9108
-9946 5366
8424 4297
3091 -2651
765 -3479
-7768 -6123
-5939 3934
-6631 3440
9475 -3427
-9065 -3896
2340 -9387
-8138 41
8836 -4802
