777 154481018
95431 57235
43189 89303
-21843 -97712
97353 69414
-68429 93363
-65350 26017
26834 -35526
-28145 6915
52972 11065
50177 -80813
18476 -83252
-17380 99070
35357 -15618
30081 -85042
45496 35817
-72422 5840
15119 -55399
79219 41441
-4577 -61105
28811 45497
-79249 34380
21202 63077
-45540 47929
6224 42512
-30371 85828
-1890 5975
-89499 10763
65490 -98748
3881 79343
99278 79841
83466 -38914
-11284 94610
49730 66177
-73252 -94601
81658 7795
-17656 -24890
-39572 -5933
26254 6628
-52985 96501
-21106 94630
-89810 79324
94446 475
443 -72112
-90081 -23420
-85806 -57779
-16790 -34458
-88659 28926
-90057 -62487
-32275 32345
17974 -95090
61573 57411
-58742 24408
-40932 44152
29211 9617
89284 46937
16478 74716
801 34411
-23887 -11646
1473 61562
-89670 92702
-72523 -45100
65393 -20995
-6655 39588
-6984 -70242
-9167 15650
-30029 -23790
53679 -28516
-42930 -54065
16137 -2205
-25126 -77312
-78101 50455
-84156 -84689
-64174 -6244
-88557 32903
68468 -43280
-31735 49361
-31043 -57615
95822 -11897
68679 10483
-26320 11801
40257 44318
-98057 45480
-54664 31328
-89491 87622
-1514 29818
-4660 15061
2531 -86672
-24849 -75195
-67465 82523
17031 52486
-71228 -74839
-3153 26624
63641 83489
31751 14481
10896 19784
-93315 4833
843 -44173
10662 -52198
69251 -67445
85631 49145
-64430 -39908
-51552 42893
33305 -95025
-39572 -47247
-3454 41255
97673 -24190
-73352 60618
-30118 20611
-21835 -65612
25101 72448
37623 -26125
-40976 -99445
-80949 99667
19650 4317
-97648 -73494
81555 -3536
90150 73766
-73588 31747
-25548 -11027
87538 63167
-9545 -85105
21398 25973
-51541 -54011
-43962 -34438
86592 -87439
-84917 62550
-30764 -95216
47761 82755
35194 88861
86618 23748
23054 64340
87157 69004
21792 -81400
-28909 -79409
-62377 -59734
98240 -21482
57991 -22297
-29497 -43500
-68273 31401
45035 -85939
28383 -16634
-41953 72277
-46988 27887
-75057 -20618
-50389 -30760
-44641 -84696
-56417 -98159
-93903 50506
8029 -31147
16265 50321
47984 -24749
5737 65852
33357 77245
72086 56629
67911 -78160
-75913 68803
39444 78103
70583 98903
95626 -65367
23014 -83037
-91959 -75402
24459 -85856
-85585 68910
54050 -54507
76827 -29064
64735 -35623
-62602 -11202
-12290 16900
-82155 -96512
-90918 20173
-5942 -11021
-31776 -56513
-23217 -1507
-49496 -6798
-61205 -28391
30913 68895
-20984 -75230
65755 -63466
-86812 -25
-82201 -91896
-11219 -73910
24726 -94356
37406 74705
-16505 -73065
-30915 42211
-46735 53726
-51252 48211
-24238 71346
7787 86401
-78734 -33438
26720 -17874
96934 -57936
-24414 -46388
1818 70258
62361 66209
-97102 78914
-81472 -14169
-61083 -47231
97497 -39784
85121 -2420
34486 93899
-90046 -71176
82358 -74157
-30318 -95061
-3341 -59450
84486 87961
-83897 9214
-77200 90321
-21238 -83511
64580 -63971
36007 -27617
-66990 96430
66365 75331
-2833 22721
66893 5500
-73703 -97165
44697 -95416
-20744 -54265
-80632 -33785
-99298 -78699
-50849 8056
30226 32852
-3222 12905
-23149 -4891
-87186 86072
57901 63803
21063 -46955
23715 33919
16425 7301
40854 -74251
53382 -62425
70950 -35062
10177 -95024
-42800 -72197
16634 -7978
-28455 -4055
76481 -40193
-28852 66282
27814 71130
66084 -91314
-34260 82716
52311 -31320
24841 8342
18018 21448
37906 -82173
-82491 47062
-7386 74444
39564 -38815
-62860 23215
-73686 86133
-1876 43203
2997 -50848
-93981 -8987
9439 -89406
-84109 35360
-22153 5589
15070 -47183
99404 43212
98062 65310
-10013 7393
-83555 29066
-93451 -32729
51441 63078
35504 61041
17145 66556
65254 -41003
20178 25304
-81318 -52425
-96919 -23173
58931 -55850
-97619 -68406
-64604 64473
22297 25665
-74400 97364
2021 36144
7527 32111
-42887 93361
42899 -87646
50456 84862
87094 -90940
65872 93977
-44778 75125
-56188 31792
-99995 -41276
-16343 15188
32409 -62663
20889 70277
55001 53651
86093 -98580
-31515 -36987
-29015 81129
-39105 83224
68941 25301
31578 -28648
80825 -34794
-82062 14949
85167 12848
7865 -40260
24342 33168
-21815 10029
25811 -17564
-58172 -19045
-43796 -66085
-25297 4883
-9011 -94785
-80145 -15571
67579 -10632
-73931 60165
53601 10488
20529 30230
-83104 58871
89433 -31896
87422 -20181
-8619 -80582
-74523 -763
84084 -33329
-34875 10928
-60651 -63558
-79637 -20799
19773 -29744
30095 -94717
81810 -62303
89608 94073
-25734 51039
-93728 64170
-18508 -38708
-66662 6983
37530 10406
5186 -52397
-90784 16154
18253 -51886
-55169 -46647
-18332 -55158
96166 50682
35075 43385
94434 -20828
-98163 28099
-64768 44939
-99749 -77639
54313 -77761
51088 50168
641 71486
-30442 62104
-8223 23203
37338 -18933
-73396 -46468
2602 -83345
-85912 24311
-69324 -79388
-76129 13190
68875 -5004
-10388 -15581
-32018 -42115
55055 -31158
60457 86237
6317 -30208
61955 36909
77004 -52275
-55778 59537
-85817 -73741
95118 -32181
-6136 85840
73986 63694
63459 -84660
-21161 -95588
50218 12276
-96443 -16952
13835 -71430
-35896 -11861
-69675 11498
75554 -34920
94847 -12776
55230 -31364
98996 75725
23130 67006
-89935 -50174
-6298 90931
9472 -47189
75757 4635
72598 -90561
81637 -27146
-43465 87203
59786 -14851
54023 -19057
65187 -1042
47036 -42582
-82943 19105
41006 15291
79503 -10669
79404 39780
76980 -58902
-81657 23010
90475 -25262
44309 55873
88068 -24604
-97291 -3776
38432 -36564
79056 92086
69910 95036
-98786 48278
52608 48002
-88342 -41444
18754 52592
-26173 96117
42089 -20066
47130 -52224
89782 -22419
98733 8898
76911 -50375
26478 31606
94080 89453
41034 -83627
66218 73701
82158 5414
-67476 -99615
67156 -29102
-18380 12020
82295 82388
68809 19638
-22288 57045
99949 -12776
-9083 -82985
-32931 46462
-28401 -33575
-67934 -30730
26273 17454
-54523 -25780
57196 75797
54266 90369
80529 -72423
-29512 6182
1588 33489
46068 -99110
68584 72334
-62029 -9824
26202 72525
-23461 37337
-3338 81210
25378 -12415
42178 65866
88470 -94530
-95488 67437
31843 20917
-15509 -94623
39470 -15736
75529 -82327
-76667 89571
13463 98838
-85043 -37158
84443 19841
-8782 9992
-75674 33501
67629 57329
54316 -51075
-25474 73539
-66697 37229
77169 53162
-77953 55003
-73955 68194
21849 -67099
-98128 -52376
-94985 -18970
64176 71195
42114 -16826
-8288 -30222
26975 35267
14429 79492
-44667 85033
25976 4168
18816 -63802
24434 -41682
-11572 -61367
-89302 -56880
-63261 68020
-15341 47303
-42479 1219
-82648 -61728
-70165 67524
26918 82421
-38352 57409
62649 10908
-59686 26130
594 90735
-34812 -70609
49570 79574
-20878 76598
-37735 -73798
-41494 65598
-43528 55056
-15516 627
-76353 5155
-72612 83958
-63060 -27446
-53958 -92935
-34411 26387
34592 -54706
-49790 -8949
9465 88347
-97891 -90077
-40405 -30893
-24253 55346
59480 -57011
-88531 71910
-19142 43761
-98686 -64141
-13061 -72361
-25255 -46212
74752 -57579
-27550 -36073
-31824 23807
61427 67335
35473 35956
-80916 -62360
-1428 -36266
-30091 -72453
-70294 72591
73142 26361
-84649 -25626
-32611 -61402
19619 57544
-80933 -58799
-18275 74144
10814 -44015
-67507 27481
35180 54377
18627 70844
97028 31913
-7451 -5575
-48131 -99964
-88766 -51471
45670 -79854
73965 55665
-39099 78926
64419 49983
59641 99921
43450 -46815
-65334 -35231
20444 -30541
-10289 -45107
-32479 -44173
3092 -14766
-79428 -88871
-73738 -83224
-69492 -26703
-67538 -10085
-63233 64153
-75198 -5010
22167 80089
8694 92098
96340 8200
28120 -59764
25527 87466
47169 -23424
96966 74426
-34043 42309
15510 -74361
9789 982
-55584 -46535
-74240 -96896
73947 -87494
43264 54888
53419 34322
87503 20461
44546 -29368
92001 20302
-89969 -38257
3882 23128
67011 -60736
-93951 -39499
-59911 -80685
35653 -18955
70401 -19278
20505 -27773
-73614 38590
-82912 -6524
-16169 -30145
-41 3959
-12655 -62986
27631 -85148
98907 -70556
15600 -73546
99172 -59054
14315 80410
8945 29164
-56868 20188
32953 63434
85531 81741
15928 62996
-14664 695
-85167 -31394
42892 42106
-41150 15163
-8627 -12664
42031 -51943
-43691 -84100
97192 88488
37234 -50455
-86579 -18860
52294 14132
-44848 -99403
-65978 8681
94239 3339
-86592 -69224
-17419 -82741
-40528 -28443
41304 24713
-89963 47197
84633 -10162
80208 -5816
-67441 -81009
-69695 66444
-28435 -44237
-28795 -46320
-24951 -12885
-76032 -63719
62647 -87012
-22784 -64388
46921 39009
-382 -10788
-26003 91058
-76098 89568
-77433 -72581
13685 -90370
-53171 -26588
-28966 -41175
-21227 -26772
-80794 -48664
-75913 15751
36646 -58088
-58684 -41014
59785 -84778
-46319 22835
-9462 83513
63399 83037
-26621 502
-12706 90859
38232 59808
90136 -41455
7109 61296
79232 -22237
9244 -53036
42673 -47897
1304 -67230
-39215 -69272
-12222 10739
14038 -51195
63955 93790
38558 44049
-57616 40386
38954 45190
18129 13843
48049 -31066
-46113 -51502
-57608 55042
-35172 46613
-95860 -503
33323 -56942
-68316 65864
64272 -15168
-39443 -61878
7584 -94547
-21872 -24482
99751 -30669
-67208 31147
50874 23130
-1640 99196
-35262 -74922
42754 22849
7192 -87348
76143 59356
-59856 15895
51450 -89349
-17167 -88490
-29814 62317
86740 30894
73549 -7082
-28334 -64444
-49075 75262
-95816 -72574
84642 40051
-26259 -89172
22217 -68436
63664 29132
50333 28538
-70738 -3117
40434 -54124
61473 -21029
13693 -84178
-16138 -58585
64891 62458
12031 26109
-51108 47856
69786 63429
84893 -37120
56735 98511
16018 35485
93040 32036
-92161 -53472
-91275 -23790
34320 14591
83882 -82533
45741 -90678
94981 83166
-47603 82399
-77351 13517
-20564 -58596
-46138 81546
-15891 -27316
21754 -15393
-18704 -53490
-21945 -92655
27392 37576
80986 34612
-44541 -6246
21350 -29863
42812 -21567
37269 95571
-39633 79674
14175 -74727
17294 24719
-33399 4095
-67523 -43235
-52738 95526
59116 98759
-39229 -64865
-4686 41522
-67839 1285
-88271 8423
-67791 -57493
47195 -2638
-74833 67398
17683 81100
-51254 -10514
-11631 -1871
26514 -49793
-25450 20177
-70465 -26545
30578 35059
-39460 25985
-14760 -95011
-53828 4574
21828 69295
64302 -27330
-66095 -11980
-23660 -29538
-75772 61239
-89130 14584
-38522 49245
-96306 -79926
96145 35935
-70597 95892
81371 46481
-47865 -73696
85909 14124
98517 -92922
-73828 -8586
60579 -43399
26435 -85452
50427 22610
-19197 43298
-86360 -60410
27513 -80921
-26344 27363
45214 13269
14595 -5159
-71520 28152
25224 -44367
93773 -63906
29169 -59169
95893 -78267
68201 -43351
-91441 -5960
-83796 3333
-25681 56966
-12174 -68884
53068 -62970
44908 -87015
