777 157525326
-37059 -52445
-56903 -45006
4817 -58410
46420 6602
83956 -69239
87677 38213
48440 -13222
-8558 19746
71919 -91647
-66431 -1773
13865 -82430
-57002 14329
1218 68197
10833 8642
-98175 -58100
84335 11366
67652 -52208
55284 94377
66791 -62747
26732 90471
44279 15873
1823 -39203
-54729 -9983
-70527 54631
-79172 63192
62897 -94324
-88516 -44940
-12721 -2323
7121 71208
-31594 -14140
-19214 -1581
45692 -13103
-35865 83938
-61249 -3318
-98200 -29791
-25102 43196
-88338 55000
20480 -14181
-96754 -32251
15774 -89453
69584 98601
12980 93734
-51411 96902
-87087 16570
41384 16788
67785 50575
81518 -25557
32165 40828
2174 -92564
-69731 -22936
-46541 54142
-663 -25188
-70001 17039
64052 -29032
-11176 -96427
63952 -47941
-31809 49503
84602 17812
-42544 83269
91236 86043
21445 -83288
82703 48245
59222 81119
81250 35287
-3243 5205
-14004 -90676
-25924 65122
22321 67057
61292 -13923
-41144 35410
-16542 59472
-36472 94010
-71451 -28513
-85850 89204
93993 48629
-80581 -71038
-7124 76533
97825 26379
52996 38337
1222 57538
-27490 -97976
-3479 61129
72517 99027
-8044 18924
-34461 38160
-73290 -81329
-45920 6407
76098 -84427
13602 48221
-61284 99701
-88546 -46162
86602 -58950
11946 -3021
30525 2464
61880 31881
85267 -97615
-46831 30860
98035 -29502
-63427 -37597
94327 -43814
40608 -9750
55073 -79111
-30031 46038
-64423 5004
73750 -21900
-35602 61342
94352 93293
25630 -30320
60553 -50448
90348 75529
34495 25680
-79895 20073
59838 -84905
-97613 -9655
23735 48070
-68196 10108
-31163 -84156
30361 97221
15737 49231
-9827 -20815
-90393 58811
63071 -93277
37960 -2117
-90776 -50035
35452 22779
83049 11619
-92690 37822
-95173 35183
92417 -47728
15931 63021
-80162 49600
81321 -81726
75593 -25710
-6270 92656
71475 -90184
-29464 97536
-94007 -80555
8542 -2686
-75602 -62713
34388 -20819
49898 -54853
-37820 72022
-22948 -18235
35334 -48976
29556 80849
-75967 75057
71390 98582
-84736 20550
69956 -24569
-82736 -40882
-74980 -22121
-69993 -61059
57754 44507
76882 32089
93205 60042
-21603 8277
-7222 -96587
-45502 43495
-54185 24840
-14063 40999
48999 -15080
-53703 -72358
95767 -19524
-77825 -39080
57263 -19838
-71237 33989
-96347 97684
14525 -32102
-66708 40589
-8442 29359
61955 -11343
-24930 -4008
-25358 18212
87237 -21911
35573 -29917
43387 -42860
37319 -87324
22545 -43049
99568 -65619
-91817 94631
80619 718
-79589 37193
88762 87149
-51683 15069
-89490 -41869
4946 63387
-60202 20475
-99416 65415
29115 -37896
-79308 -50701
71375 857
-40053 -46970
-99020 -82856
-93141 74304
-74059 -59308
-16936 62049
69855 33706
35856 -56381
82824 -30591
93713 12185
-47357 53584
17564 77754
90023 79553
-60755 68349
43346 -85879
67860 -65758
-12783 57532
14441 29260
-36842 47726
-13709 -55802
-60346 20431
-99344 -17113
10519 -23299
-40685 -75675
-35420 -68694
77285 -77229
35881 59939
-70130 -93936
76282 -45330
43940 15721
81265 40016
-63013 46423
87573 -64008
89055 -70104
-15623 37886
78058 2316
-58959 -39891
-73843 -30060
6267 -26409
91199 -64544
-13014 63126
-56603 48316
65639 45711
71007 71883
1293 93173
-76038 -30780
-50890 -63915
59728 63288
9934 60979
13261 -44422
-36375 -78666
71077 -24423
62069 20614
61122 39758
-87565 67279
-13270 -40430
-77448 -93658
88641 52976
-85225 4436
31265 -17534
-89075 -89702
72084 -65285
-52594 -53479
8023 -63000
11597 18606
-46814 -24417
11501 9731
-74214 -33107
-85620 12710
45502 -41042
51624 -94382
-84648 -8004
-29855 -2707
-35942 69814
-47945 -85188
38196 24640
45581 -66240
-90877 97506
-41087 -23948
98188 90051
-38497 24884
24768 77897
97701 86685
-73965 91170
-87880 -5559
64793 -9690
-97233 -79574
-81310 -30309
42566 -58214
4633 -46873
-13578 -54024
69016 -88297
-36745 88381
26746 79162
55558 98094
70738 -82288
69414 -15423
40850 -76449
-15584 71269
60987 13463
-91622 62860
68244 -21431
82830 -95580
-79888 -48980
92583 73028
-5467 -18366
-52096 -46064
-42915 3886
-16317 -33402
91798 -15050
-40880 28299
22455 -21178
38649 -91516
10902 66766
-85252 -46948
55424 13356
-52542 247
-72757 -52272
-92666 -72994
94803 -80932
20539 -12906
-42802 -51442
-37865 26763
-16349 -77337
-96402 65808
95021 55495
42118 85797
-75322 -43053
-286 -96968
22645 -84354
-53559 -80852
-32773 71872
-85938 -3081
92636 -61782
69587 33634
56934 -18634
53064 58364
-58642 -2835
-31422 -39405
-84619 -36437
-4274 6226
17705 87014
-46027 -84746
2306 48986
57523 10361
-75084 -35330
62022 -209
84967 96568
65184 -1037
-4432 -71043
17498 -18181
54820 33471
-44875 83693
-49838 -42406
-25942 -87595
-38978 -1606
-78604 11058
86211 79102
98615 -53177
-86296 11962
63661 6988
95269 -85964
-14252 51887
-83312 70419
35784 -92376
55489 35927
-78483 -71769
26335 27183
-49336 -14276
-70673 10806
-60295 90835
46112 -53920
-24488 21524
26783 -46697
55703 71166
-73471 95714
-79127 -26310
-90223 78460
-21870 -42967
-16385 5881
-10368 -291
-13557 46849
-92590 28829
75094 66151
-51045 -48116
516 60873
-41114 31137
-47536 -97745
-64592 -77461
-72487 25580
-86824 -18124
15518 82830
-65230 -85680
77306 68349
-88589 60508
-59906 -93277
34819 -20895
63442 -29589
-30371 -29160
-41164 -31651
-53434 49264
-44004 73932
-97194 19246
-5526 -72119
-6994 -72066
-40927 -90179
72914 31741
-68279 20773
29051 -33894
-69614 98543
-10062 -25054
86414 81971
78063 54258
-26646 -43816
76502 -27340
-44897 91440
-597 -85327
20576 -2449
-2351 90601
91632 -5389
-66500 -96666
-29282 -56451
47487 -78140
66195 44978
59739 59851
67346 23970
-96566 -4466
98883 94688
21976 -5505
-89059 -41926
-48312 1452
-28656 81784
38628 -80827
-44285 -74170
5509 -49492
-14525 33944
48750 -54826
-5516 -80184
66855 32102
-29549 36803
44998 9686
-95960 79737
-36056 82365
43373 -93651
-96269 16598
-69803 76859
5122 -31569
-37170 76806
-24580 75984
-73339 21479
12331 91707
65054 33494
-36937 74786
74797 66106
-25705 -48051
-37815 -1251
-16945 -53730
51894 -96438
-60119 79304
13336 -2808
-57687 95466
-48765 36459
-39671 -46291
-10911 -81279
94642 -61645
-59815 -72677
-7194 17132
86994 52711
-49984 76469
45407 -36254
-49490 68516
91119 52783
-64584 -40740
-60533 64214
27748 39135
-6676 94103
64798 -27885
-41477 -74983
32913 56709
19325 38541
-16465 -12270
-2037 27561
86175 -43616
-54884 41291
95895 -11008
14123 54601
-83082 2354
-15701 48946
69559 52837
-60105 -31458
-31282 -53233
-5966 74925
-84879 45572
-89405 10955
-89501 8518
32614 30011
37543 59248
-82037 -65357
52515 58734
-4356 -98006
-26614 -55520
-36691 -21125
52240 26654
-87086 -35431
-9010 -42354
59840 4959
-45502 87578
-17275 -54672
8715 -42549
77047 84637
-64810 -86599
-10050 -55539
64289 -13962
65925 16569
-54515 -53075
-71696 -43150
95895 -63228
4128 -41693
-38358 -29265
-60580 -22138
-57660 -45169
20098 -18674
-80439 -21065
23050 67477
32106 71004
1233 -28149
-6536 -48808
54404 -69112
-16946 -67097
48559 43069
79902 -39513
5953 67006
-35980 34028
88695 -70905
59548 67056
29089 20509
1354 -7269
6736 -98274
71502 -67652
-85185 -83365
41370 -48023
1291 -76010
75650 61653
-91179 -87475
-95569 6979
-77579 -68443
-23329 20361
-95097 61457
-39453 -88979
18458 85485
17243 -20373
-8811 -56281
-20813 -99826
-70410 39213
-94488 -42431
80794 -39419
-34505 66678
26370 82122
56208 -3105
-51774 12648
35757 -20291
-69821 -65369
-74863 -18879
8836 54788
-66622 87476
59130 15583
8751 36888
-87043 91679
36809 58351
65978 53547
69370 96821
-51726 978
-96243 92379
42047 -98608
22945 9368
81458 21355
-29963 81446
95316 -29846
-46237 -45635
-85887 72728
98669 97388
-77543 -33912
66291 -48840
-33338 -57126
62322 -38591
-73951 48145
-30587 -85293
72186 34706
-76839 36004
-33089 -69688
13700 -25800
2459 79128
-9314 65347
-5965 -31991
-76117 48258
-74043 87617
68649 -56285
32841 -20190
62514 22807
19221 31980
60530 -23504
1236 5318
-12908 43448
69165 -76162
6710 90484
81318 -86468
96420 65208
11943 90226
-58728 34070
21929 -99775
-80875 -6345
-87535 -28648
88035 -19045
95275 28387
-17632 96192
42131 9480
80224 -2400
-44410 69008
-43301 -78472
-57604 -74261
48538 -38331
12902 7727
-92800 -94198
32631 59336
94649 5951
66185 -43199
71400 -22244
-8855 -97585
50060 54540
-16061 62694
1824 2781
-67087 -9923
-21979 71384
-12927 15947
92338 -54116
5254 81531
93262 -53100
73455 64956
26699 89134
-41406 37682
-38570 3257
99736 -9657
-21170 43884
-16376 3333
81865 -40365
89555 45347
-10456 74961
-2739 -36184
20684 74
60499 -16967
67953 83835
-94853 18516
50287 70846
52588 28628
-75345 37876
-89111 -6519
-27487 -37506
48313 40511
31801 -38063
90343 -88817
46197 -62049
-23996 73371
-83139 61753
-89315 -21876
-45238 61535
-79196 -60200
71036 -70405
61874 23706
57663 -98057
10676 44717
-17931 82262
29668 -22266
-66183 -36446
35317 -34245
-21184 19222
98740 47398
48137 78748
68345 98492
56913 46439
-30732 63140
54901 -95582
87075 -55129
50254 64586
10185 45466
-13640 39020
-66480 69028
-73058 5186
-15808 85496
89964 -58687
-72716 -42961
-61213 5995
77446 -85948
47637 35976
53723 -59975
-78438 68206
72191 87819
-50907 -4498
14765 78663
-21945 26143
64673 886
72027 83148
-74209 -67857
35747 96166
71555 -80074
-15366 24455
70015 97215
8897 -22731
-71261 13012
-25368 17466
80328 19182
60685 11201
18267 47903
-4930 -64422
-69913 -99013
-73497 32683
-14858 -96645
37594 -28224
95019 48001
-20691 24747
-91028 -25808
22216 -22183
-62452 67207
-48343 98821
-80010 14459
40586 -7657
-68143 5516
1971 -79822
82133 46912
-20543 43484
82414 55754
-63982 -62404
72599 46651
-18230 86892
-83418 65842
-17053 -5801
-22409 29186
-53078 51530
-9277 5528
97551 -90610
70122 -62570
-77529 -65458
78370 -52944
44358 31820
90582 -73233
68539 -3781
-90813 2871
7688 87052
-50706 15258
-97204 -3921
5659 34795
-42783 33696
63331 -94566
-63638 -69446
-53878 -81509
21370 -16380
-37387 -71652
69913 -69391
16267 -49032
-55773 98598
-97668 36421
-94177 760
-28003 30767
-5163 -95886
-6724 75435
46307 67960
58403 99932
44255 -38582
-63760 -89213
-11579 56396
71750 43740
-6248 4735
58922 47913
-38639 54434
66833 42530
-11622 -19910
51332 -69552
54443 -57559
90673 -10631
-74789 -67164
46736 -77244
47849 81616
-35695 92801
54035 28993
-52701 -60988
-97388 63262
-57410 -7956
-75004 -26981
