400
55
135
146
426
50
448
94
206
148
304
14
246
376
395
120
196
103
442
73
129
117
126
215
294
319
82
327
92
76
85
279
392
68
433
98
273
53
32
47
419
491
234
226
437
490
333
134
139
383
33
389
35
368
84
400
256
43
337
430
412
167
60
401
197
133
388
79
274
399
466
30
64
11
444
351
288
494
8
258
29
499
366
350
203
104
332
417
465
454
195
317
1
163
138
99
316
184
264
343
57
321
344
110
261
223
485
421
497
12
231
472
130
222
393
495
349
172
176
292
178
70
471
460
182
334
331
220
306
358
386
121
367
291
252
237
424
66
42
62
391
345
387
159
152
363
171
370
23
489
13
303
360
9
295
396
6
251
26
183
119
253
38
90
207
481
127
450
420
406
209
359
440
17
31
374
286
486
270
169
170
300
299
2
36
116
65
44
293
114
144
51
147
432
177
174
141
106
173
181
287
347
250
375
416
488
290
338
45
166
341
402
456
346
336
272
323
97
354
10
192
284
151
37
137
483
390
154
239
330
492
427
373
487
191
247
52
111
418
136
411
25
257
320
18
224
118
318
414
24
28
298
301
484
311
244
27
462
233
211
58
267
434
202
241
157
296
180
236
275
362
322
260
40
441
369
324
378
113
56
348
4
436
100
302
271
310
410
315
478
77
355
115
20
282
356
71
95
263
328
41
283
131
380
266
326
496
186
81
162
285
89
190
19
161
312
208
404
242
449
309
165
313
255
314
467
446
228
59
105
408
235
364
5
259
219
67
340
188
122
194
201
145
468
382
407
221
461
198
216
227
124
142
365
277
179
265
474
245
108
289
357
278
217
72
457
210
443
464
156
78
452
425
325
254
240
268
132
394
409
297
48
435
238
249
107
372
83
447
379
413
143
415
453
422
125
305
475
88
403
150
