1000
33
296
584
15
652
520
133
132
583
401
438
598
421
991
359
70
679
904
923
371
40
698
673
212
426
804
850
591
759
299
930
60
905
68
926
959
578
281
67
618
940
464
502
2
149
230
855
992
121
244
654
445
301
451
460
757
575
521
562
159
743
168
348
192
111
976
843
4
853
901
628
530
19
600
233
288
737
452
639
396
886
924
778
446
937
811
549
613
596
982
219
1
809
260
916
929
920
427
497
280
782
26
468
705
338
546
343
174
656
555
665
115
742
795
103
798
680
310
171
552
942
300
59
847
191
590
647
249
776
243
35
987
387
750
145
409
55
773
990
106
931
986
882
751
116
543
888
915
32
389
335
567
767
593
313
677
407
908
897
831
989
819
25
346
69
163
592
418
375
186
252
63
202
903
422
65
865
441
282
803
887
302
879
634
861
927
221
672
691
846
399
911
706
108
195
909
463
724
327
762
817
41
459
967
514
649
193
957
454
209
179
525
699
268
474
938
259
134
199
542
18
176
135
217
364
985
711
277
334
372
653
435
977
821
74
566
84
994
589
368
637
914
443
53
984
331
85
194
810
99
82
180
910
205
768
657
448
317
697
326
961
605
51
504
197
472
806
626
827
666
710
950
450
256
663
953
731
30
437
77
96
781
621
337
777
297
763
137
388
623
689
354
701
405
936
165
754
71
353
246
791
558
648
531
582
981
475
890
398
234
22
949
319
629
420
849
551
609
638
95
832
511
1000
883
380
434
875
899
540
685
783
253
444
7
378
532
5
363
125
102
105
29
643
471
874
852
622
718
393
218
958
175
797
503
455
207
508
996
870
642
964
394
934
928
966
439
774
228
608
805
261
289
954
373
383
190
17
298
512
581
845
321
580
499
553
834
995
496
285
215
425
860
816
367
312
201
594
478
815
62
539
404
412
729
366
779
406
11
470
66
161
644
745
250
858
342
857
189
761
700
382
120
545
112
255
747
973
820
323
44
38
316
184
48
917
223
257
491
703
793
681
907
87
92
560
780
458
129
358
719
564
39
775
80
332
528
49
183
825
693
271
912
944
678
384
276
522
675
136
734
702
241
612
960
544
939
738
617
124
979
356
50
585
240
122
873
151
951
58
659
330
814
517
377
755
726
620
998
273
97
118
130
170
918
723
157
381
692
86
610
970
254
487
198
341
770
963
993
485
945
167
788
290
206
360
765
127
614
294
760
885
854
557
495
655
140
493
683
23
188
98
283
872
538
505
550
947
481
211
187
952
275
789
529
278
303
374
91
948
682
258
10
519
119
708
181
748
52
141
182
830
428
829
569
766
906
988
509
498
556
144
717
226
802
925
131
841
126
889
836
489
400
586
158
548
442
153
150
900
615
31
101
114
109
480
93
231
980
913
423
968
305
523
686
352
826
735
295
88
597
619
851
661
633
635
736
687
178
516
429
646
365
410
54
602
344
462
155
547
104
574
651
210
526
813
744
57
892
955
869
123
42
721
476
357
465
272
449
518
709
369
668
361
309
24
758
270
969
856
601
801
204
322
868
730
902
355
225
177
311
345
720
690
397
34
632
473
871
248
604
73
935
483
749
45
866
674
320
37
919
876
771
507
208
325
292
864
494
379
477
943
433
835
239
453
695
756
430
848
173
712
492
113
362
117
933
286
390
370
946
279
156
784
324
746
266
577
792
27
308
895
237
576
318
196
611
501
12
315
148
808
537
402
152
61
772
894
263
823
6
392
456
486
728
753
714
833
684
236
56
154
800
658
306
14
262
47
838
419
579
216
36
785
513
541
898
94
625
247
79
740
527
13
43
490
570
440
235
166
660
269
391
64
107
314
764
554
786
20
417
469
818
482
688
722
200
727
340
484
563
713
146
715
147
863
624
796
9
565
432
997
81
568
347
72
238
645
837
844
790
307
667
479
741
650
222
220
971
733
386
376
457
8
76
877
631
573
304
414
75
100
862
336
595
291
328
921
251
416
333
812
329
891
588
878
185
561
807
842
640
725
164
859
408
732
978
828
274
28
739
896
500
616
224
46
627
694
350
395
214
787
128
769
284
630
669
867
139
704
664
676
515
941
599
89
965
880
999
839
90
83
671
641
840
110
461
822
752
162
385
922
603
670
287
467
881
351
824
160
974
893
411
636
21
169
78
799
415
932
232
956
662
607
572
424
533
264
794
293
267
138
413
983
143
227
172
245
571
242
339
716
975
431
229
506
403
203
142
524
707
510
265
436
559
349
535
536
884
534
696
447
213
3
16
962
972
466
587
606
488
