1000 393591289
-481984 370515
368163 698672
-628552 -538883
-705681 -549675
468047 -739574
62629 -572185
-410687 -136840
675313 216804
-971136 -448327
-706580 742569
619479 612093
652730 489500
898646 587541
-486585 699878
-26430 510007
128277 -140845
-271595 -140356
-372478 -765280
639287 596517
971362 381845
108452 496822
-730293 353643
-113201 -646733
-594747 45386
-493377 -81082
210997 -208486
-738439 -18286
-529107 -528644
-611063 -267121
-853449 302463
907332 -220623
437763 865955
-913583 -716509
612190 676290
278111 -680487
-173019 736483
772384 606344
-593884 707308
-250488 433022
-725985 942606
207000 445428
-576569 234480
161749 182449
-281298 455387
-317333 -409350
-671034 368062
-775480 -548886
-861713 287053
112305 86631
-922346 -120819
-313882 -814677
-994051 995827
-756968 -396994
-462112 194517
-845146 -60219
-266605 669006
-988569 -330495
-6882 939574
33373 -51556
339004 -406888
-936521 2753
820803 476746
-483371 368095
698237 -482905
176023 -288871
-511484 -425293
-592306 -298362
-923786 -204731
-826486 516292
199618 -991809
547702 -619143
-38532 109257
-334268 -421129
-130078 -726024
727129 -776132
647007 -563451
-393294 -223314
-933251 -743453
-277949 -116261
752885 979706
-912850 70104
-741289 607340
-354572 785795
90805 -748729
-990123 -503757
736109 -700502
-42153 -256696
-310055 603570
-572490 436749
333174 870691
39791 840891
-118934 146550
241204 679311
795153 -769261
-725677 67701
624844 67191
-400975 923717
-404297 -826231
-895830 -939189
453869 -785692
432273 732684
999255 618126
-151302 244264
666324 432039
-419139 524013
-781172 -383080
992281 -57544
-464478 569653
-99630 -992657
-941471 -481953
-336096 874511
-505397 700178
707057 -167711
986489 523681
-31905 -477094
-77853 804096
73376 -612189
-248859 -47791
-618564 145872
-931616 642466
-642569 -794245
177740 -385451
770356 -6133
42775 669044
-571399 490693
298078 -143120
918666 -955943
724548 -713175
679471 -692513
-892835 1367
851708 -485180
-27038 216089
-512665 60712
-980820 -101226
519540 -320149
-559114 -898347
401201 -145626
828130 481088
-799217 828324
863729 633977
662590 362710
441675 334371
181419 -485605
-732943 452404
193051 -887084
283397 220112
23111 550058
752669 -237790
629438 -1471
143798 -172261
866011 -111092
904796 -323489
344628 825305
367276 -249394
-844550 -43251
-171404 628103
568709 972326
-104567 -178979
128369 499433
-840154 -569019
-708406 -350776
-400207 936523
-584514 866964
-410801 -592318
948690 -821783
-774252 -742811
-866171 -226704
-575230 -681791
-968646 396464
-901436 -537150
130893 767001
318889 417632
401105 594298
706096 -689940
-891934 241845
37641 41959
563711 -651530
412191 -147043
-156750 -510605
-436864 157904
107959 813498
-439644 431255
-806064 303988
-678638 715208
930454 -491211
616418 -560728
-389208 -793587
-116968 -791321
408769 151016
-159800 419776
-533310 -336627
-272912 -995933
773762 -823510
-797743 595715
636825 -104967
-157213 -721562
-997569 40979
-512387 -697942
811309 -961456
-275398 503130
493463 -786119
484231 126867
259924 886650
597270 198593
539753 -16359
103311 634860
238890 -247042
-959225 579321
-319632 -141929
-424927 110698
-198094 668022
188226 116737
566026 -119080
72809 500651
445019 487296
781802 116011
110343 -623150
-517600 -130999
-2391 798559
-914755 -300736
480295 -82083
696764 -680334
542180 -137508
135091 -886098
-194301 605626
470314 127990
-154132 -921990
398385 -107288
448118 223925
-195833 749169
-735734 918138
-827913 938297
173666 -104517
871583 24559
16852 -880173
595270 278412
-520793 -772648
-159876 870371
741087 -69100
-928430 657883
-595713 461867
-1152 927335
-704709 587373
440512 -965500
130762 -410356
390661 922689
332234 -11985
207498 -502814
-64721 -767129
441213 -868503
53974 -640934
126356 -886832
-945096 249773
438968 776528
354567 991336
-714605 257691
272597 -649267
-720275 -519111
46670 574356
421982 143721
-844986 443708
24797 -660832
236492 -508709
-382359 -97441
502527 -786327
-115141 -529747
342004 631573
-471749 439513
-72019 -564718
-448757 75934
613572 203641
-998934 562891
160347 -154898
-517779 -118376
384155 -457766
-723208 757500
-115822 -858781
781544 -781115
-270292 238207
328556 797967
-648080 138865
758748 -65082
429212 -66879
432878 915975
-320366 474122
-310256 775248
527996 715612
747629 190657
900920 -689067
147699 -851370
166350 374151
-429609 624112
-165250 -605144
-613275 156152
-231557 -906351
-388395 949177
-55285 366304
-147089 -857749
224307 -579753
-755714 234087
351236 -978628
892254 -958545
-667995 -342549
594745 485116
486492 -140491
823927 -732879
921761 -899587
-692817 501861
539536 346185
-502907 733555
30175 -587423
-807078 977957
-888374 -560525
-287332 786604
661443 683351
261852 -976879
476103 -619052
894614 940613
-868105 462501
-516651 -791109
749711 -115133
-410830 120258
-871071 -152452
298964 728797
-754904 787487
-789252 -587103
-332589 -662174
-817878 310833
-202456 -620580
29409 -752174
362601 928416
-65791 -156647
-202732 -266816
-172971 -643212
-407589 381144
-40814 -864020
-709489 681916
-293769 660078
234215 250972
-288670 159382
-170216 33091
889590 -785110
-572767 806607
854255 625571
720947 -792428
436918 -751302
695867 -208015
-21640 40018
-588429 132758
724557 -102327
-122230 -266777
-618859 -430835
675693 929944
-250720 -425395
-325685 727444
-475187 -634919
-369371 -826997
-706057 -535922
302620 858077
-482368 -413786
173852 -940466
-821889 147186
-70579 -297282
-169404 -960710
-480417 -645533
-522532 -860259
631551 -967475
-171100 -656161
-593133 519049
922232 930865
-337741 83279
-136567 -839908
-154164 222774
-202430 569793
-107410 -412224
790687 140465
-489549 808598
-40487 205993
-63271 717732
463338 -115255
-269374 544438
674742 204635
745669 55535
-169974 -366445
-461646 -693801
846228 105077
-833056 -582546
-151783 612159
712066 518983
-414526 -145817
894845 -224772
299080 -899411
-40263 12838
818886 921412
504773 -336124
744597 831141
-847530 -150558
102295 -389902
-518583 569732
-581070 106997
-960111 -76419
928713 -992503
-784777 801398
828893 11843
-409970 -403720
467211 160839
-107098 382270
-801567 -222033
756641 824422
-28433 564540
769125 43060
-714269 -791577
342330 -317271
52937 -915582
895176 -444432
268473 244910
-288130 -581500
123796 -346604
-846323 -647889
-921674 796089
-594600 838916
237529 913237
-60814 -489756
-831288 242664
390377 358483
819701 -803081
290694 407140
882766 -498839
862264 -948705
178029 -343844
37587 -651581
-230699 -302288
-72991 -188976
-563399 -662639
-64865 982711
696731 -700377
268251 -707313
-349195 991364
-322100 -795162
122903 174190
21360 894853
25399 -271695
-583041 162657
488229 6863
-218751 -497502
690444 983385
170358 421624
-350648 -684492
-886514 234180
834377 380862
345920 718666
-175652 -142601
-479165 662295
380458 47856
558150 825031
-908246 -560634
-64734 428616
-516429 -114422
327049 -411833
338932 -879257
-175098 277415
727158 22249
329729 327560
295406 -97209
-366212 -744481
774074 550553
302499 506136
-371122 -646593
64587 -64921
297487 746486
-215311 -252662
409533 765660
132294 188147
783480 840934
-910182 947772
-809984 103128
-111 957909
-532868 -911479
917528 -86195
-83456 -146347
-445615 -941315
112899 -567866
-1126 991337
966800 -383419
-331225 -755858
214821 -641372
-747344 830319
117321 779499
-570497 -646662
155683 383168
-643449 4243
123857 -1006
-371522 -106569
-779502 -803276
-882023 667341
-501110 349032
-770043 767800
-943013 611127
62951 815793
779773 -975346
-898517 -501607
-911824 730063
-711885 352178
890774 404133
990686 296194
-222765 946934
-566429 108499
-170309 90205
-404182 920043
982381 397398
-5913 901748
894834 -902988
770102 -783521
-813364 -493986
-258300 -31459
908147 -701406
293236 6889
-747942 992199
831281 -308292
740682 -98305
346884 855847
278284 -277785
-895023 -67147
157137 -454522
153100 -967853
-494399 -37010
-35893 412085
-536730 -438570
465370 -433056
-699378 244500
-299935 178193
938386 941666
582406 945718
585990 -280336
865916 -748090
-581870 11235
-753213 206670
90868 -582548
486810 -832945
-23135 -450970
875575 -710784
-239055 426733
-393678 655357
-773671 -848521
-974107 112228
-40962 71036
-55671 755029
-567364 -706675
-503641 666225
622738 -774086
-998042 978269
937217 -448531
63843 -905871
18379 -655401
365036 -688856
129342 -341987
-36026 900231
46693 949186
441031 -546673
-494202 634517
553441 -712408
619524 -404271
134303 784156
836487 -651146
-714699 -466621
211217 930291
306506 525756
644207 -49864
-248132 596053
241553 768172
994322 -68853
-311143 -742720
169248 -369263
-369547 12901
457061 362234
-79850 302128
255635 827489
366312 697141
-518246 702385
-987944 628116
-970934 218105
-451740 -674710
485776 -725707
360724 -835405
-583831 -208399
141317 317539
-280376 732726
-943270 -614651
-213625 223967
308685 773832
-299865 282406
380696 -679914
-264274 -114132
199943 57913
-722970 -593081
-343595 -826034
542235 791694
467538 -560244
175648 -935678
-577629 -491041
195894 164758
82906 -678519
4586 495034
746021 -261736
-102042 741616
-909519 207523
-795539 609074
351289 -856696
-912848 881386
-386400 162667
160728 -235086
-801128 448069
-330452 -145396
602352 876521
-427558 -333094
550574 -99969
785855 -253754
-891744 -429737
796993 157413
949109 643457
361235 -641565
-168909 -959278
-331083 -563114
874872 -688311
-309201 -953943
-693080 392264
-192929 10460
640762 391495
-575561 492966
367979 177138
2600 830363
199510 -878742
678833 319375
-466552 545894
862959 466660
-46239 654926
-838047 -895035
-190925 36825
285460 315781
36162 -254113
466715 116360
-584373 153868
-83291 587682
404724 970144
528331 23990
340424 -413819
107157 982134
-759092 -149981
-138364 428851
-620298 367026
-775317 926657
-838452 290245
497611 106980
-461599 -276411
785645 -83185
124461 910311
-31654 627583
198938 659027
247204 -731128
-546142 -447523
-557795 182885
-163848 -268873
-959691 973059
-29152 -582987
325300 -817762
-708192 886586
334125 -283153
-733453 452095
-517453 -345054
-439434 259785
-513131 -891166
696997 58824
-747347 -873403
823262 19696
99145 800854
-952637 -786877
-585907 399067
-773207 124971
586756 -196974
331877 -915233
-35247 -251461
350038 -215103
322281 797949
864534 625257
412385 925014
-140066 -958990
609400 -280498
-329770 897129
-199333 -733576
810871 -994059
-896037 399810
-654798 442702
-993504 -416460
-208611 253777
488404 354961
-611681 707476
-892671 -120741
-899127 538525
-56011 -120961
871333 -515122
308120 394720
-858005 540644
-318003 462008
506269 -329533
-210627 -178197
-799547 133489
450752 919327
-111628 95941
279570 525754
327913 913862
683486 929272
-115267 95059
-664040 26450
24590 -288392
865824 756369
640514 -402027
161473 713223
-217630 171045
-615746 881944
145083 -100124
718072 -458177
62867 -180774
794650 104
891378 643568
-776555 173063
-18030 -694897
752592 634504
941653 -23286
-711720 309174
675764 -458171
518626 -35608
-226864 966046
397407 940238
549885 657719
-575644 490695
-801489 535380
376614 -200247
164081 925224
367671 -406201
927298 562777
-395500 -165189
-311430 -113690
676421 -239593
885933 -386108
-290350 -411590
576049 -781028
-684993 619953
489207 -692754
-153814 -881272
690202 754417
-920753 569309
-505718 966731
-693977 890989
-409440 109663
98031 591704
-294488 564002
600154 317194
-896511 -99424
-559691 990803
-159454 764906
-164428 -481723
-619128 433629
-797883 -50170
60147 908859
668651 -860792
-284205 -142784
551542 -791325
387633 -418090
211719 -274848
-657956 706514
678601 -282800
-256568 -577833
-300457 -170968
-757718 837005
-109762 -485940
-478944 -677827
-52148 -172272
586806 -351408
-569479 -662026
417149 -680641
-694877 -831570
86683 -336502
490242 -274406
688490 -512736
-240242 544468
738423 615380
359995 -19255
-147917 854548
-331120 -175178
372306 89897
814110 -337727
653317 492707
-726331 828619
399020 859691
49739 759865
71468 797686
602506 -605698
768288 -674546
18192 -313057
-118899 -431053
-390390 478499
-202022 32538
-701313 -680056
381592 -185453
134760 819440
-821683 -481574
688424 374036
607292 -695588
-140894 704437
937472 423994
937753 -315007
333664 865908
-673590 222757
-370933 47937
759625 -125608
-758223 23267
172880 -448667
607920 -405178
-45189 115722
-945704 797219
250778 -438269
828678 534023
191418 -3723
380708 -552117
-87052 -953137
-890584 198608
57171 691643
275993 480711
340876 -208617
457963 -648107
939721 231971
-124372 353681
-116449 -397809
262747 931463
178075 776291
-217624 916769
855266 517464
-829536 816706
129851 -79102
633155 161435
661807 132125
-650945 874913
-560329 31437
-547057 -860101
-9598 -187279
-786930 668154
124499 202474
-690587 -304545
480661 224062
-214114 -326816
808592 -39684
-579703 345633
279394 417275
-460727 -83103
-306674 -914847
-42905 284971
-583 808233
-395733 382387
638461 454429
-683856 939834
-632205 -932066
185328 -410941
-328200 -695762
611646 -927572
-358350 979784
-746536 400140
266222 -284623
249208 -672957
661018 690842
385408 -925414
-347121 -680077
954674 -970452
535074 891663
856424 -547000
753169 -757389
-133748 492552
-116082 -543548
222422 -219418
689583 643617
-833458 644812
-575022 -573655
976805 889391
147144 774334
188452 -494332
25371 321739
-779765 -343689
524191 295280
-855985 -730051
950442 -745851
761097 479593
-416022 -456572
-230032 -743498
-621366 980137
-5126 677476
592928 -579198
492041 622833
-834730 -289653
-221841 114512
119606 -84391
792397 956501
-54423 776364
-527824 819811
-908093 447041
173839 379283
-406761 302591
-85745 -549799
-129716 330399
979921 745151
391449 -60849
392004 -526821
-265601 640840
-350759 -888347
-895624 -935996
440533 -890519
639296 -111999
26555 -252209
497629 459424
308225 98088
-462174 110990
-112689 16843
940345 103312
631648 -47093
-141738 742415
-511718 538024
449411 -522812
-647169 743545
809291 -90513
-625873 -581669
127926 -535308
-888671 298424
774360 -849108
867284 -926541
-591168 -731416
-69139 -397429
-30054 -564584
25756 421857
-268089 -579822
416655 417252
495156 990260
-294938 183753
171222 -172897
-98973 -128689
-213096 -124663
575255 258371
790800 796703
-372150 -511148
51385 817866
-731515 -252154
-12557 -805344
736496 707339
-356406 580475
-582256 -776572
281063 -333011
-254008 633864
509977 278777
739351 -356867
697027 637279
138958 -483485
-88657 555244
866539 -368106
304797 810012
876301 -664553
-40113 -637650
552535 542071
871174 -164494
431970 -950325
-556362 -69139
81943 15524
130724 129548
325522 -906777
595563 -917909
-972860 195266
-996335 487718
-246556 90550
803304 307117
537453 -579748
-156908 -226541
-558834 -107593
-281217 -244141
-959910 10972
-254121 -513221
713005 370620
-533037 740265
597925 -878916
-837772 -849958
829945 445401
101580 269600
946202 28970
-926979 -588923
-510488 220298
-454808 278850
-897949 518039
-739893 -665426
517410 -971832
-789397 198974
707141 -996639
-721269 220886
-407089 582362
-360373 -451075
315901 -944181
