999 1000000000
140656 264465
634007 -445419
303719 781621
817657 -626975
303454 234234
6787 932395
56532 -109492
887122 271239
-397412 -381482
-7799 -894804
215163 471709
-147717 693175
855969 111215
362705 -765486
-887961 960044
-431120 -573275
793322 499638
-753635 -356658
-514644 -454589
-987255 49367
-391315 -211582
-629128 -779831
-934171 745510
494739 119303
-752317 -702101
-760695 -366895
-884806 -449192
-594211 -614324
307457 -84402
-53040 -283878
78027 570322
-383987 -859547
-37658 -241663
561012 -778017
745455 -970347
84473 -112806
-369338 777801
404201 -673578
-10121 224525
-932992 -825067
203474 459012
-74622 -155876
13890 -478828
752983 923504
-36189 -958936
-205782 606098
-350092 -788870
-629475 423349
244037 -427669
247149 521321
932213 662597
-132062 619139
850820 737893
500976 173287
22894 700527
250131 442456
-544168 -815631
-459291 166743
145982 -602743
-622793 900198
-856996 852801
544061 147325
991151 359530
-986440 878217
-173170 833219
627657 -723798
-920630 -958353
561272 582873
-543960 -774525
-267007 598678
481537 734152
936096 509393
671208 -967252
-987070 724983
237420 -346367
-743583 -335070
-321729 -8561
-100293 -595585
-835893 -593805
-743525 -799528
-170973 -739738
600043 89515
-79821 278353
-530222 -953170
-842702 -325646
-277527 -494821
-387115 667426
-982738 -101905
-234051 -435910
449661 -551089
-915427 -681056
956677 -308462
-765861 941732
290014 912896
-337252 619939
-917258 -524907
589309 31963
578813 -228268
752732 -844822
246996 -622847
-601158 766250
-139902 625115
-432073 460472
814932 253749
-530831 336520
901709 602373
-112099 -201140
-802814 537002
-683484 -563084
-933816 -672066
-232520 -46725
-649514 -151047
516144 -806145
-729217 44763
807827 835384
138302 -816750
747493 985419
798602 61864
-234713 173868
580976 988587
-12833 13319
-378900 80259
87337 -433799
-83487 831027
-528092 -492340
-390799 716985
-393483 653939
857761 751433
608700 -610570
-99212 646421
-508342 203488
741967 867097
-298747 -761487
-937999 -366741
94287 -439094
647701 300119
242346 653727
-343185 299933
-298377 -421518
-770684 577224
800757 -937710
433093 -875136
-164794 -366858
805605 -134047
21493 -288067
-490683 -513414
-875407 -971251
100234 476752
341035 -481474
976656 -842407
-136679 -332585
-641308 922094
430317 -737131
-645971 619853
-254972 -396999
-406703 -349206
177690 -376701
183875 -873253
70490 167460
-360399 735104
856410 314257
-176691 -668194
251232 -421940
-670080 64755
-599652 278539
519443 -976563
265181 -616983
-326052 446414
930605 -372084
509036 -306391
881216 -652609
329830 -834282
119805 486226
826496 530730
99241 -199872
259977 296704
222376 428107
490631 874082
241279 752293
480688 -239767
604972 -269482
657311 758157
793625 820348
384839 -3609
-422904 278233
785180 -282909
-579093 514215
818894 -587911
-721904 -775498
103740 664099
-504701 582219
-907062 -581617
93561 516077
-12471 375484
-280870 -245022
41675 -996001
-599017 -298078
312807 -606533
-512861 981126
301599 -178278
566081 429871
633785 117496
228996 -806164
-142749 -215411
-487984 -270175
772050 -554729
-772521 -330495
-661434 -953189
825749 95379
-946865 62489
-651695 -33382
889959 956446
-204769 565153
-14284 -839412
-199127 620542
555582 446134
975658 -239226
405042 636572
848711 740969
745745 -319491
-244160 237489
-760221 -384037
-258229 -588471
-629475 305316
-380809 -885611
596083 892124
-552382 369876
-833558 -558692
-671285 283401
117647 643519
319295 510609
749377 166821
-549137 -674733
713188 640861
291391 903910
618086 -194173
-628175 -146627
834717 777886
-987645 -985555
-106673 819805
757391 672905
-861999 -588012
547950 -119096
-361658 921283
-964375 -27058
764655 401451
776710 -455559
121251 957683
-735124 -139741
982643 -678913
547367 497901
-484405 979673
561319 -736014
979901 765414
-41161 -941535
568650 169735
488456 -840796
-40745 616080
456815 -653595
-340701 -91463
-81546 979051
866948 -996869
236219 -724988
729206 55554
795401 818076
868747 -662458
-871633 546140
-69369 554818
-115355 -170338
468219 -263129
-7348 -204309
349972 -857828
-75182 160587
370033 804164
-257410 922982
405675 -232941
123682 -275590
305521 -950326
794878 -281158
-976705 -827867
-321537 -473914
675313 -247572
832909 -443790
-310065 902688
717299 872911
-770903 -862513
389511 -325774
-790347 -814921
-354289 -379184
327861 978603
-661834 587643
188489 733218
983771 832197
-736291 477425
547716 -238816
-936348 520446
255412 519995
511834 470484
-913343 882529
911169 -294778
571343 876262
-136649 -328474
203783 560690
-174814 397076
908659 -252030
820039 -719598
186948 666525
-189993 -433244
-444677 -271744
-219250 -172123
-511781 190249
-555728 -474533
-69424 820673
-449407 -636683
549547 168031
-759112 945816
-598971 265841
-522993 654535
-260110 258005
591017 407349
-378734 -397213
165757 50985
428337 -862679
-871232 -994237
610018 -651120
504620 -86512
908914 274041
691763 -799343
787344 -236611
-915306 716426
-532478 306373
-965830 -121415
-69474 -100783
653141 -424409
822661 -679644
935565 -428085
356517 861469
360824 706321
-825419 933784
-918244 352207
648292 533190
454759 212543
974345 -551512
820460 612432
-616752 -73276
-128664 -701959
705215 711007
501676 -930769
459720 855945
436277 863395
920185 406384
484398 -395056
544131 -373674
-468443 -340896
-382110 -923344
-699875 -446712
-566269 -959601
471510 650852
-335009 426336
737680 -940093
146140 179286
-655546 802497
609864 72120
72857 665439
-886108 752582
48484 -392152
-480210 82562
-798287 653212
-182600 793805
905990 587095
-782964 -510944
260379 882989
250724 -278585
617117 -72560
179461 -89841
902111 225823
-783594 286460
-194116 -661319
-8180 -468294
899674 -561310
89514 -989348
-392696 303053
-141 325089
147660 229722
-486750 848040
301736 -944267
670272 -662808
-168002 297657
794831 -657809
-407824 30678
363389 -72978
413888 981281
-867926 -192420
585703 621669
910320 -326128
-502168 333788
655786 596852
70890 -742155
399607 -488084
-949127 -995931
-318205 -252706
90490 -108194
24058 266493
-634315 599979
341005 623997
127857 80264
673725 318979
-467969 730900
-616113 -449374
652739 -91368
-695210 797016
192654 -962117
-309776 -312916
-440666 443771
-542916 -832958
718591 150213
-46728 771195
364472 703430
-330538 -392030
-335677 -59480
154472 -602365
132992 877930
498280 -990574
-47728 261224
-891687 982750
573764 117766
34545 273395
-209174 153242
13263 -307166
-59602 -882163
222353 -526037
-468860 -694348
500154 -91216
160581 22442
174622 -278683
-480864 534392
449314 -692675
-716184 -296017
589207 -380240
-548421 -139244
401 255972
-361677 -200230
968088 515886
-561092 15962
-695701 960349
-479505 851059
-566782 -550568
-315027 -347923
-312022 -213491
-182357 -776182
255405 384594
-552580 -730287
-930050 -634735
34467 248675
877767 640435
-682240 -483921
-607873 -861703
-943968 83629
910075 955394
-951555 -501407
-296604 718464
-796180 -119236
747183 564165
-639658 36043
360756 -749829
724736 355348
-266726 -330762
-821600 805870
-616686 174909
396059 206970
593359 -450811
334542 -575879
417276 507914
-68536 458790
353850 -969872
-575586 -579496
382508 659537
-539319 848113
-606979 -141269
698787 -434252
715564 -911202
-416763 680910
311011 -754158
-20247 55255
-941634 865118
-949767 856651
390238 313943
-259250 -508642
-13510 905417
-808632 -44956
210376 943550
409112 896910
400601 -129081
872058 -919763
495716 -971118
-821407 -898769
-100663 593169
591276 243683
-261619 -415145
-92063 -339951
28016 292358
-815855 858357
-739299 747338
-969062 -992545
921355 -342396
-217938 541173
-837890 214369
735102 -33727
-952718 -696358
752786 -606023
412139 280222
548817 290247
74364 604472
442113 -542993
-853854 175664
148980 329582
-416675 972216
194163 -160732
-660362 -632140
-454107 368873
-174938 624410
-362727 681329
941089 338245
591210 -417849
-80621 -232355
-197721 944778
-334227 930645
464699 -463696
-133701 -140614
-81435 893846
272128 -6568
166722 -314379
-739864 -222319
615522 589382
-933177 274914
533162 262262
910920 -386427
-667529 -197531
-951768 712698
-110758 324223
5337 53463
-246134 569074
742318 983908
132057 -67680
136869 917563
-337252 -969974
8139 718512
-711700 -309867
254549 260824
-337160 512665
650133 407419
744273 -729148
-173967 -178284
-421125 -149787
862370 487362
-621086 387390
302501 -498910
-312561 -738114
-95884 475637
-299221 -378215
-510795 948703
-500319 -115588
-537841 -18469
561685 738368
160237 859054
-422608 377876
-263604 -479190
-206954 -587520
252866 -675081
419232 468412
-957574 -242074
303526 292296
238813 -970522
492054 -725748
-964174 503093
-132677 -611294
-718023 -239703
321064 -933291
36346 -94456
744133 -149233
-671723 183686
-818885 -808811
793922 126020
-295981 -574637
-712494 -170582
-159174 888077
-58215 -223435
-3639 -402173
3778 -218377
-594082 -255043
550796 -827857
212255 854210
175666 -87829
736091 450360
-325696 -998048
829158 -103216
-360666 -988524
-562609 467738
206876 -688043
516245 570583
-816474 233421
-331554 -239935
-424304 70982
-821269 920050
-704897 974329
-947736 -180818
-454458 981954
-312751 999458
-252468 -771049
-242673 -870391
-24667 -674103
-559666 -712207
-353005 984938
72544 263458
658652 -140901
320371 -971382
52469 669025
-283432 -761074
834752 571228
-364815 -767642
-236173 -38970
-476092 708262
124412 619023
49927 876633
271826 900
-26356 712391
244631 109279
-666587 761732
343633 969403
-186413 -593054
-893253 -334719
404 -503236
448127 -619464
836892 -694626
-635423 -761559
577163 762003
380950 -518495
674965 395173
-493324 803263
523937 -459651
69093 -982083
-781266 -839805
635050 -97110
203387 832572
-426790 -721036
-472570 871281
-353698 -912440
-861275 -239060
776836 -549102
554479 -277106
954749 213154
-523850 -346538
64348 -197797
-96149 911917
-924850 -282586
490827 802210
749192 -240602
-280425 780395
149314 913802
-756498 548620
457383 988687
-499322 201133
701652 -90453
-751516 368419
-668995 -668687
988009 -66026
921464 884521
-707822 -532688
524132 -648316
-795670 -813783
742206 788680
741003 -231930
-524316 65631
-936372 -578727
827408 979453
-253434 -549667
224214 814137
134313 63109
330740 430210
-410144 -337514
-47496 -62623
980389 -614298
-954217 105847
948693 887434
-707997 996193
814582 -472355
-512676 -603608
-31966 111482
-578430 -3307
55470 -691217
302710 -752757
-80861 -616191
-713846 145661
616183 48025
-734601 -639963
735249 124372
-446566 -226683
-710403 158383
-986040 566297
-605673 -295023
930532 -880607
-315531 254322
262455 658274
630564 -87427
556350 -523055
574819 662465
-969672 538903
-295084 -761882
-711281 -464278
624028 721253
260283 -290850
-451059 -580839
-850260 -84378
297031 617566
510897 760671
141057 488696
246732 304898
547260 -805013
-931566 -569355
-198803 -111272
-861207 315913
254043 -308872
785538 -466250
-331342 963724
-495963 -601141
-888711 -255082
177149 -269068
126522 288032
111472 992079
495054 -849660
822778 431033
537931 715667
700200 -523615
-196391 313647
40857 534708
-130249 395442
-255685 -324083
271473 -105449
-269668 -126120
-232611 -342612
-240918 126146
-721394 -253959
310061 -266434
581925 -426378
-79379 -90407
-337794 -1374
801475 855249
-768389 604990
259859 380
-589687 -463591
-118326 -726795
746972 780957
950812 -848766
-677579 931580
153531 -478594
450756 187411
449919 761550
-524132 -433126
323825 926833
67678 219888
-11616 -955241
788233 64728
-603979 -826765
-120034 631200
666096 621756
918142 323636
-449724 -599504
140604 -44797
-569073 902378
-868661 -615144
-611033 25540
439861 -563694
-577370 437219
809960 -33135
811308 196151
-37459 -461668
-532931 -255567
833580 329993
500661 768850
693844 -360239
-634417 -957434
332017 -682476
561290 666450
-679868 666109
-366547 33750
696052 -923124
-547670 -488809
669727 797189
-98292 -772751
650584 -404958
217921 924701
528410 265648
219728 32821
72158 -112925
426724 836917
-944555 -535750
320188 684168
141894 -154255
-525867 275215
-896260 -506166
635767 60100
203633 -650934
-858698 653786
-750645 26705
178218 -173755
-328807 143225
148804 -801136
-319250 398732
195814 -454837
55401 -136608
-840028 -697164
574081 315219
-407980 -192809
-562751 -890931
-449235 -291815
-198921 -807751
580050 -106123
-972230 306636
-780844 356278
-108805 55098
-282387 714248
-409965 -762930
100171 397362
-540922 51347
441638 -770495
691509 -331647
3419 -422963
569139 220308
-177128 -320221
549957 -367432
-534841 -934033
742582 734091
605549 979363
-140779 804518
250096 -477474
-291167 -350995
-353175 -455954
-311251 871037
-892226 -81180
524830 584257
-930010 634921
-367820 280745
181177 654502
832485 507669
-691494 -409017
-424276 -812959
-499461 -577155
952709 232117
750502 915892
718644 466102
-290184 -361865
-169541 697235
-399500 19541
573241 -829675
307172 -948081
-490377 342879
357229 940299
311306 765546
587682 -543526
945311 -933916
483585 -182416
-526645 -349350
465262 815179
-56312 752390
-339528 720382
878229 385441
-268982 -444000
-727124 623159
644462 -556761
-709937 818609
653703 19143
-963909 602770
-499364 19607
-629075 705650
223196 -963655
344038 -539662
539969 -483299
75230 297065
-287149 -761239
-245726 -872526
645459 -386766
-984337 -53805
-126849 330344
-88264 -880151
-994081 948152
174185 -222913
-552636 420459
629210 209786
-586224 -386341
709939 -206124
321023 -966399
169495 749792
726401 680451
-246620 -326005
-17441 -171924
252251 -200884
847751 946462
-118453 361274
793112 924599
-93280 -360496
-981533 -906407
-11091 -738270
-74113 710764
-376971 17533
893855 -88675
614464 911076
-397961 -510615
522300 -18296
-517443 -397817
307810 -289539
350527 -429173
-464095 -370878
625632 -635385
-679479 -817210
358701 743800
-471635 969489
359745 -64493
-94054 692062
189001 453062
-642639 117861
608185 -405867
-412139 -467944
-653926 -331798
-496043 -964005
-133412 -192206
236622 -450556
874566 -691149
-42043 -828302
-83422 -290445
-107212 -565692
-247695 328658
-410657 -452018
-772006 -191874
-565130 354103
-21305 -546775
292703 964100
17423 -82906
218786 132462
999150 55740
-868424 262970
194564 -158805
287734 607067
-78927 -463702
-901721 -209838
256381 -946182
863334 176846
-442973 3946
411426 68750
-279157 696125
481309 986248
-212370 166781
-797109 -333471
626946 844268
724805 -616077
-391600 337725
824288 -511311
-676298 -398012
-324953 -592965
-806226 -499726
775826 563088
616994 141898
75062 -164216
-347812 -621459
-955404 65149
-215988 -249897
872236 -943205
-765779 553290
-83151 226816
257751 568539
725295 625231
344197 159986
-633362 371544
94338 523563
-761032 851730
800825 -756030
834064 806981
-914980 -392791
40529 688635
663624 -705148
635757 569268
-871368 817079
-347970 -776288
437305 382863
953793 -628772
-611732 -478018
838443 623858
934177 645829
939619 629050
35970 496489
-38793 617738
-927266 -508695
-633977 511373
-972640 77460
871834 393371
466690 -639394
-61198 -917971
-55694 -917090
-345473 14195
463259 -456094
