777 1000000000
-9228964 3924486
-7121336 -749355
3432935 5859025
-936216 -34556
-9616858 -1352224
-2552507 7045772
939678 5106336
-1318638 -6476238
7017505 6404399
-2482835 -8085138
248606 -80456
5446019 1944338
133520 1503178
-2461497 -9021606
-8775787 8838072
6781964 -4076805
7775045 445054
-7939186 7113760
1687541 8655745
3585033 -8118026
2454953 5737722
7978264 -3374501
577828 4023102
-6663634 6967194
5617305 -8998056
1828166 -2638958
-6279841 2089607
9383488 1039396
-7733963 -101438
5582648 9104576
4303562 -9173140
9331098 2037225
-8327038 -7456866
-8275445 3296071
-6917910 6149382
-7821185 703775
-1138467 -9240520
-9949611 8070604
9532153 -7513604
4691814 9783658
8076361 7700779
-3247180 4345580
-37773 8746884
4060388 6873696
7144228 -2288102
4247285 -8140941
-5878125 8731432
-1906795 3700941
1512617 -4793586
1726476 8249075
-3453003 -3060062
-6283911 -6443391
6547345 4124214
9299961 3393045
9176397 -5561296
-6244309 -5669543
-2324451 9791810
-5502721 -833647
-8775584 -9455887
916248 2264982
216737 8293518
7219846 9022401
1578775 -4730152
-7401130 5284357
-6907804 -9877687
3984994 -7509658
2448911 -5979707
-1498052 -9705256
-2477285 -3432371
-4777230 -7322748
1512925 3851353
-6006153 -9123009
-4635320 3986928
-4534369 2950302
-8528886 4066765
-7155655 -5534228
4592186 -498982
2807479 -4278633
3369071 -4019459
-381171 -1118873
8244586 5044435
970208 6907439
2201153 4476040
360766 1501990
-5726035 8614345
2784585 6391569
2127385 -9503611
-7836636 7635838
3992908 8087934
7870006 -5372623
9703323 2213817
4600699 331783
-4875323 -279469
-758788 -4055503
-3163709 -1143364
-4665402 -7213105
6086998 -2836593
-2703473 5668446
3965047 -1050254
-3807293 5919900
-5267414 -739700
-2511090 9896822
-5201797 1868742
543026 -9027292
-6369641 7718391
5774170 -5729352
-6428640 8767825
1773497 4327504
8142076 -4781122
-3808 8274590
-6275355 -4906173
7633306 6832024
307932 -7325547
6665177 -3833175
5147631 -4903473
-6918289 3863207
-2137256 -2479052
-1214494 -816914
-584252 2965714
-7868853 3507120
-266944 6366194
-4255121 3337857
-5888298 3980359
3616276 877385
-410574 9008759
-2825832 -8353936
-3379195 -9141804
7823566 6700908
-6296389 2572867
-5899252 7100938
-1710862 -8819353
2694122 -8332663
7885614 8566847
2280213 -5108207
5492651 -9213278
-7781354 -3916768
-8555508 7472624
3365544 6162360
3143416 -5510061
-4435742 2159868
5825405 2503478
-3576857 5994663
-1792346 2557675
6994781 3273205
-809678 1812942
-5920601 -1263132
6656130 -302147
-9663753 6289309
-6908426 -9348903
1571608 5361275
-7753484 -1124907
-769890 -7541413
2582599 -4971520
3827848 53970
488133 -5376404
5265022 -9779324
-3737402 -7952989
-8279110 -9782478
459684 -8558792
-7717992 -1350408
3598621 -5951731
3137801 1160989
8488137 6205549
9830181 -2854793
7705949 -3584053
-4340985 -1489212
-9539675 4464620
-8230033 2251850
-8822033 -1455788
-4945996 8903934
-4030747 -2871108
-3860344 -7501014
2882783 -3946543
-4577993 -3747900
-2939262 5869638
-5671892 -7522689
-3387848 1398334
-4350873 -7807563
-2853799 9214524
7917522 -1107777
-1341069 -6529578
3422053 4426944
-4830431 2517166
-7959509 -3703859
-4225031 5935501
2366601 222717
-1248102 1037917
-364860 -4846670
6616193 5938276
-2268721 -1947182
8525150 -9588189
5316807 -6620705
-6195649 -3003801
2477258 -3599876
353215 253862
8401758 1586836
-4592546 2660932
1123670 -3934812
4487709 -9818811
9726973 7473254
-8787507 4225047
-7392422 9811364
-950989 4915898
-4884116 3087853
-9424215 5981747
-4676603 -6556007
-1176077 34805
-9078844 -6661927
-2370989 884991
3996583 -7293027
6447041 -2811480
9818314 -2575183
-1049284 -2810728
-8386763 8542307
1826233 5136283
-6919456 -284426
-4297750 -4566273
-2104459 2520637
-851194 3966628
9770085 1799924
5987362 9035248
9421028 -3036688
6751638 3949373
-9612115 6392913
7949895 7925198
-3257191 4521857
6553153 -1107963
2753050 -2372232
8419472 483340
-5164456 -1435922
1742344 -2474535
-3432476 2588883
-3616072 -244970
-8321279 -3631510
-7725084 -360107
-3441824 -2454663
-9392512 9795987
-5779262 -9797230
1688236 -9227477
1427179 8267362
-8836605 -510946
6704308 -5240827
-7364836 -8838898
3918187 5263318
-1464261 -3031728
9674225 -5028078
5999316 6159244
-939750 5690295
-3465072 8048032
4917019 2469775
6792149 3491313
7317958 -2944142
-2501610 8899119
-1293273 -3761351
6153734 -2956766
-1640125 1369619
-8240697 6822956
2223060 -9062002
-8119141 -4123807
-1404323 6029711
6013839 4806019
4614194 242436
-8251490 -2986485
4896548 -9481722
-5169183 -9667055
-3474737 -3505126
-418792 -6468955
924311 -7651986
5781335 6700210
-1733892 7716312
3287890 1189579
2736124 -1107377
-7226116 7977590
-5461946 7476144
-2340890 1007182
2341680 -2787758
9824071 6955795
-2307658 -3244487
7743692 8798232
-2815872 -7388869
707410 -746142
-1156453 2049466
-9718471 1312227
3626919 1033547
-9965027 1365422
8349058 3684937
314678 -2471723
-5681727 -884474
9173337 -6989863
2397206 479965
-8180191 -5130402
-4822437 -8218659
-8129013 6554807
-3815330 3435412
-232577 313301
-918082 -9341579
-8555459 -7502775
6280946 3989824
9217380 3822236
-5478224 1648296
3272094 -4422885
-1745032 5912328
-5866636 -9392843
7876556 -3209975
2137151 9448594
-6087946 -4721362
-3282454 -4409538
-84655 -9568662
6135712 9963897
-5738706 -2068365
-2498398 4097089
-1691190 7245543
8956589 -4733086
-7648523 2146964
-8757871 -1714221
-6087909 6530496
-1912964 6676755
1845920 4912186
3319384 5706192
4700872 6097918
-2211809 -6498898
-5352748 6313143
-7674853 5254409
-9045064 -9693461
4679360 4556418
5722688 -2614574
3687615 4726538
-5392733 -7553761
-8787492 -3898477
5511333 -5461623
6685648 3012354
9072680 -4512840
9433065 5550170
-9065215 -4532992
-7692418 -3363003
1679628 9393386
7163733 -3695532
1665402 36538
-9623043 -4362261
57014 167180
4347595 -3950717
9638887 8355876
-4043211 -7340617
-5541108 -2959178
-392850 -1304330
2132325 4402303
-9791835 -7413188
-1226880 7809
4916535 5034857
-2333682 2810154
-4110942 204842
6780725 4646824
-9598002 4488600
1519030 7843587
-8876469 -9985656
-3972418 9561865
-3092137 1087609
-5703704 160715
5260242 -3657043
-8375402 1887862
-8542425 -9377004
-6871674 -3058630
-6719100 9267116
3703123 5261542
3654182 -3631949
-9542179 -9738578
-7150965 -2664770
526931 5023046
8601854 6770704
2035285 4299485
9156953 8812593
2518579 3911076
6757649 7335384
690162 1387244
9292993 -4182270
-3196220 9905877
260438 1922937
-2409205 -9860079
1557683 5949818
-1216253 -7543285
-8329495 -8998175
7223190 2412332
5977304 6504990
-9459116 943143
-6784218 -4238829
-6369579 362701
-3502312 -8283384
6086673 6895610
942441 7722568
708334 -6745584
6154600 894398
-2352190 -8100049
6726216 -4478153
9509904 -5446625
-4478908 2616244
3995841 8609402
-4039507 -7834791
6406726 -2937155
-7807850 -3987984
-3110006 -9313055
9773249 6842998
1223313 -1009705
-9317850 885714
-3183399 6167975
-6862979 -4246302
5117501 9798550
695528 -3457041
3734652 9372846
-9411076 -6039078
-7402493 1494946
6787002 -3290932
6404679 -9692684
-8224253 -5707229
6771247 2144474
-8773794 4020773
7509485 -1115768
-317411 7664673
-6164093 -4416577
6667164 -4916372
5227487 -8436377
-5924057 -1198072
388110 -4261903
-8371026 -8302077
6798652 -3998159
-3071200 5314997
3718402 -1118553
-4988151 -830915
6878748 2176052
-4647980 -3365501
4585244 8044300
-3801335 -1406673
-5273627 1235336
771993 5270278
7689961 6826776
8526357 253326
-8029002 5926139
-8999647 -7893987
3278395 3954778
6030926 -4762439
4768012 -1047722
-9629984 4621118
3206827 -2592542
-1642040 -7306926
6151747 -5099159
-5687052 5760645
-2390033 2418234
432484 -100916
2288132 -331526
-8459765 59526
709103 -9653202
-9947658 9522481
-3400929 -7752675
-8048258 -1155269
7551915 6510482
-92726 4905692
3608234 4788657
7813892 -2721434
-84086 4696312
4930952 6542902
-8388145 3548099
5406941 2500495
1937225 -3865068
-2885065 -5436941
-9846682 -8648636
-8587691 9946218
643701 8572570
-712916 3362062
4685912 -9059194
2089722 -8186656
-8364010 -4701539
7662462 5280854
-7189587 -4300976
-2745358 -5497410
-3370418 -2306508
5602362 9133270
-5992602 3616969
-6019757 9457294
6958698 3324313
4886871 -3409032
-8980854 3004430
-9595895 8146095
9603280 6030809
-6021681 -8155713
4250457 8132590
3995357 -347011
-3821782 2228872
-2984658 -6906905
-586412 1176358
3609535 3875007
-3623963 -478370
4981158 8441979
4399140 111349
-9607009 -900322
-131948 1020654
881634 -815943
-1581648 635514
-3630542 5837186
-3056903 7754607
8956243 4486729
-7929909 6320081
7123297 -9142890
4726141 5154869
-2869574 -4469457
-9771709 8151904
-2763980 5268003
-6378560 5367343
-4338532 1304987
-4893136 -2231736
2699882 -6690155
-3849665 -2235638
-2216091 -2209408
-5103726 -7556036
4905749 -24607
6206570 -5859850
9841196 -8341064
-9530954 9340454
-3247362 129289
-2041077 -5673323
8725236 8747034
-102307 1149518
-2199538 5078783
2125975 -740069
-8304295 7312875
3229326 -3708662
4790501 1559778
-8371476 -7171445
-8730873 3422641
-4798406 6110372
8796019 490520
-2620319 -4301366
-2449932 1798176
-3401521 -5734527
-1262536 -6116563
2736594 1544901
-8489562 3293173
4521387 -6322228
2479626 3650204
-4286691 5072077
-9012656 -5911231
-3624872 -4111129
7182545 -2487960
1667793 -6198305
5151372 1208482
58858 1554720
-852569 1332687
-7208617 3795463
-8793712 -5002290
-1678468 -8092594
-4487480 -2043392
3780752 -2373607
6196823 1759817
5011706 218396
-2908902 5821363
7817308 -6310558
-9059850 8638889
-90715 1503547
-922130 -1462829
497905 3175882
3066518 3350077
7815599 642327
7473942 -7457133
-7789744 -8953864
1232566 -2350721
-6678980 9803096
4328456 2892447
-6610949 -9628642
-8034468 5627813
-6336359 -5520149
4708608 -1195098
-3074193 4751994
-2622178 8830116
-7590460 2018095
-1546895 -3971401
-9690685 -5683904
-1003936 3936048
-5005420 -2042079
545702 -2463727
-1643007 -4685778
-1151559 -9841210
4242688 1833499
3757818 2022709
3374349 8114086
2641942 -1702537
3549897 -5471301
3611968 4911304
-1826864 6717352
4147566 5340103
9372927 -568279
-8647487 -1873489
-522621 6406467
-7891505 -4269934
1712212 -1344025
1858287 1069596
950251 -809903
5464321 7607545
-643503 -4034951
8952996 -2060692
-3176336 7812648
-6132255 -3982388
2154908 6553621
-6800833 2648556
-9415160 -6752436
1670985 -2704147
6539613 -3314718
8694797 -5106194
-1617535 5646697
7211794 -4211484
3937252 -2484944
-3997378 1277996
5569764 -7324340
-4522611 -960596
-5010620 -6833093
-4562872 5900758
-5878300 894811
1052429 3990911
9758016 -419091
7062411 8776691
6624513 -7699237
1692966 980290
3254221 1643846
-2058032 -1720508
5356663 456821
-2041657 2671923
982806 6147169
7436413 -4475302
7357811 -6795549
-7077138 -3587176
-593517 7178531
-2840312 -2420788
6145045 -2916901
-7696214 -4242957
-6093518 8182165
1385604 1048942
-5669101 7343805
-7542135 6238291
-4441489 6219420
-581690 -343661
-7629464 2749446
9261136 -760937
595434 5477308
-8205114 3332751
-2084953 8555810
-3972137 -8594290
9558237 5019376
8079266 -3196891
9886522 6810316
-4951185 8473955
-1058829 -5870301
6946358 5864549
2638196 -7540809
9638238 7905765
8296611 9840764
-3402685 5756851
-4421147 5173667
2394653 -1303616
858169 9979387
1832738 -530259
-6665274 -736154
8855659 1322585
654781 9642749
4537452 6389998
-1120688 3728739
6008248 8544267
690971 -9326338
-3114411 567090
-8911683 -4080915
-2285657 -9716054
-1752975 7481219
4450547 9737549
4370464 8777721
-4506472 8340404
9038379 -4220590
-3408748 7506568
6642924 3928510
7585997 -1042249
9446292 -5353940
3837953 -9283203
-9941168 -8633276
728880 5754695
7118389 1835994
-2694073 8324125
122547 5963468
9357559 -5112201
-2434076 7433349
1536308 7920319
-9636947 6316563
3330701 2714644
-7135673 -3279387
8326768 -1972095
8246984 -2946751
2385905 3451287
-6391025 6790415
-7154799 -6797208
-5988004 -2188905
-9543283 -9997948
4010663 3851329
3022311 -9484106
-385452 4458176
-5682323 -5032331
-6174036 -9109314
6759933 3344637
-5242224 -1248804
-6936161 7304230
9705229 40572
-6177832 -5370484
579892 7816553
-6718749 1869878
-794189 -5477058
9084096 -4790069
6981671 978848
-3400768 6259130
-747148 6617820
-5581724 -1980760
7505407 -1857645
3899857 4185989
1252646 2652780
-3627730 -2258034
4540025 -5627764
-7246335 7961185
-5001576 -6676634
1396009 -6372139
-5037396 -5286691
356729 6272169
4011197 -6097801
-847044 -7707322
-3400539 4847194
6274268 -388748
1571411 601726
-6718755 8632181
-4633178 3734890
-6580270 3394378
-4075978 -3025767
-6429348 9610292
9054681 -5769877
199718 -1861144
-9786705 9350816
5977648 -8588463
1682199 -9785158
-2813243 -5337636
-6718140 -6428385
9750835 4898525
8735786 -6871754
-2268253 -6583807
-153564 -2411302
-6741097 1792061
-8160619 -3289524
425468 -2521941
-6454581 1188622
8142045 6538665
4207183 4952415
-8425932 5585786
1436855 3610041
5007534 3377764
8112476 -5836806
-4666040 2915995
1466593 1768653
-4058414 -8480906
-5317887 8729393
2568376 4522201
3519173 -3733018
-8364561 1532327
2177763 -1937011
-3450211 9891796
139503 835663
-8533356 -5174715
-4645500 -6797402
2741739 299797
4734730 7600996
-662584 -8235734
-3245328 -4608962
-8880298 3216467
6880566 8627910
1334360 9071030
-8429710 -538179
2296282 -8639690
-1574872 5221548
-5378787 -6595064
