1000 98290422
84973 89721
78486 -83290
18405 -15251
6017 -73940
-61601 -11086
-55793 -8994
-95047 -82846
42001 -15751
2526 46841
-28201 -88490
56620 17824
31582 24198
94147 -27442
51957 -26264
14409 32106
-37122 -82853
-5187 43582
18121 -10510
28475 -63595
-64293 -35318
63174 -60879
-77140 -80280
-92214 -44888
14564 64132
-33840 -26070
-42304 -39043
55516 9798
-48317 -78575
56761 41428
65713 -52395
9095 83748
18539 89093
-66549 95001
-88817 -16756
-95328 61912
37441 94747
60992 89765
7719 97643
49802 -30772
94878 -24601
-61338 -84825
-6809 -60672
86715 90090
-56810 -79300
5793 -66065
8729 62568
-49388 -15650
80174 -11062
-31445 78465
62751 79036
37548 -17476
38604 65963
27902 -52316
-40950 -18077
54333 11418
9987 65308
-78311 26247
-33500 11871
67069 -50330
90303 -84285
12404 8362
-52984 12169
-5855 -10082
43676 -99212
-24565 57120
-71628 73478
-59282 36225
-65367 -10136
-15490 -83641
39921 -3966
37801 7826
11174 5225
-40442 79750
-82722 75323
72692 -439
55389 34673
21014 -41675
-36071 -30124
-39566 91940
-31745 -22490
-16089 63298
-4449 10750
-48904 -44387
-82183 -56549
-47223 70454
493 -77923
-7456 -75815
13205 -11574
71656 -48146
70172 -50480
96522 26835
-91465 61435
-44871 -27551
-70684 67486
-81926 47653
-20855 35888
-41387 -84345
83033 30950
-66064 95238
82363 -63480
-96181 22199
-72170 46378
-6225 41812
13958 54141
64325 20580
18279 -34629
-73182 -81503
71388 -58783
-14688 -36650
23927 6669
71807 -12792
-27619 30243
48960 85093
-37634 77295
96286 96474
-74161 -23978
54797 66205
-92097 -20988
44831 51655
7018 -57890
-18639 -88291
-36864 -14527
64587 17866
-17127 -50814
-36945 34150
-10909 -65376
64346 15123
93503 7276
24613 -14471
21656 83766
96258 32190
-13953 -87464
68039 -21716
-23511 -88578
-93175 -21893
94945 48115
41760 33689
-45426 -66270
20470 -87288
17615 2895
8499 -75734
-86481 -5354
-70886 28290
-38093 24128
50042 21287
6316 -60536
-30563 95589
-46287 -43135
-1344 9190
58148 -40952
92565 -95555
58072 13945
80232 -69387
37843 89442
33411 -77523
84187 93927
-77840 65453
-84135 -83742
59074 43983
91437 26385
2339 -45587
14571 98491
29333 75108
-60511 46993
46355 -85830
64039 -64786
-56532 -87758
32534 -71541
95139 -99992
61898 51833
13859 14396
59595 27272
-72126 59369
-29225 16753
2486 80806
-17128 70683
-83639 -34767
34114 22389
66463 -58418
60838 59124
-71415 -72035
16657 95124
22746 -14410
1373 61910
4457 7351
18656 86419
60079 67829
-46760 20029
64617 43631
90363 83042
-74475 1640
-28448 -58973
160 96719
53654 -80174
-50454 -26068
77029 -8101
-68096 10039
-50555 -92333
18533 98172
55183 47240
-69473 12342
27385 51825
-10659 -89339
85541 -46893
47684 -7158
55839 -32455
-81508 -14397
-3997 58513
-19250 33290
-24739 46532
-65155 76013
88878 -95259
71679 55612
38600 -78820
46571 54334
25255 92731
89390 26720
85004 -71243
-40342 5969
4535 90568
27188 24261
24254 89115
-19917 47885
20031 -19514
-32196 -69266
-97819 -32799
-39959 -83756
-2905 -29822
85200 56103
33016 69397
-45067 -76745
21939 -54505
97009 -15001
77224 -50851
-81255 25400
38579 -48795
85360 94627
37452 96268
96632 -70372
46071 49193
46375 -32091
8663 17613
69990 -89707
-24959 -37026
58311 -76676
-87663 -76915
-76794 -12963
73139 -28973
-79771 33994
-33467 14234
49525 -8822
46656 23912
70356 52469
80240 49258
-43557 919
54454 56932
46070 68615
64912 8208
28102 -91241
-4510 45354
82702 69666
-12140 -54078
77112 31458
-61682 -92462
75610 15342
-78107 97984
17448 51728
61282 -48819
4477 -65561
22486 -13083
58000 -76841
-58893 -22594
-99686 -18687
92513 73143
-63992 66345
-54982 -52073
27518 -41183
-59748 -82875
-64646 -61507
82374 -91608
8030 -57559
44055 -99397
-25717 47538
-94820 -17734
-34804 -3165
25731 -84015
73184 -45993
54413 -73417
-81236 -61264
-83227 -50432
-72090 -82701
70373 5689
-693 1655
62105 -90819
-90930 33239
-98597 1137
24981 69900
-99867 -19610
-37410 16032
-93397 50805
91398 9735
33243 67025
68754 63873
-2553 -82474
58885 68740
40187 -37072
94991 24567
-37520 57222
-55174 -51857
81049 -88961
73955 -20647
14404 38195
80515 -56026
-81413 2431
-55180 -15173
-77954 -82000
13496 -89642
-46680 -22364
-81009 61117
80312 -93578
61368 -64824
45907 -87868
49098 86492
-48188 -66987
-31904 71963
56036 -68657
80368 47826
91429 94539
-68314 45520
-95106 -61647
7292 -53359
-56346 -28448
-8114 83574
16245 11218
43853 -62325
60661 52555
62857 -9968
8366 -85037
-8304 28742
89985 79226
-32155 51266
71211 92261
36106 -34087
74713 -96748
13502 -8389
76550 24229
-59880 -66899
-92788 50448
56647 -25325
-55268 11500
-60903 5333
-31282 -36181
38223 -50260
-33714 12783
88368 -69969
-38702 -45473
-37002 -2462
64056 -63751
43756 -13602
14394 532
20591 -64102
23210 -19581
56817 19150
-18414 97412
-64191 -97246
-75365 37963
-81625 47079
-82342 -40532
24454 -95843
-13426 99867
45578 -22153
81685 13842
62180 -31235
-23674 40105
52182 38525
-69934 -15723
-36354 -53707
-76745 49648
-71696 -29244
-96247 40952
25067 -84379
90033 98998
50005 61151
40709 -95596
-45380 -52635
-95676 27668
18241 -27571
49654 -53145
-43843 -76987
-52956 70156
-1998 47339
73562 33278
-27767 93452
-83982 -17378
77008 36439
-29270 65434
51573 44681
-46703 36000
31165 68004
2582 85859
44025 -58104
15680 -60738
23486 -34872
99589 -31555
57964 67184
-25318 17801
-53448 -24930
-12162 42309
1637 -67825
29794 3210
5030 -10885
73357 30855
32323 265
-19644 -14586
35768 -12418
-86102 -55853
-89304 -90177
-28150 -24442
-8716 -59769
-53391 -10577
-41913 -47819
-1680 52726
-87854 -97280
-10412 78842
26388 -27020
94551 35762
65083 68442
-92233 -61021
58174 -21765
80060 -85758
87586 24120
-17716 65919
7100 -8102
-63139 56786
-70752 -39974
-82381 -96842
-40585 -91131
-6157 -30612
-96383 -7217
-42723 -53695
8230 -33478
-89109 86195
94332 -52625
31861 17006
-50284 7643
-46925 -44955
-9318 -90987
-53996 96752
54034 -33706
99336 -34227
70244 -35504
78824 -9587
74371 -72622
-21119 -31079
56343 73095
-72884 -17987
-65481 -86831
-73974 -85243
-39649 -13851
80918 30380
52157 -33882
-35656 -17599
-53456 -96005
-44922 85687
-89788 806
-53615 52517
-92379 2055
44995 -7528
-71301 77779
-96171 85333
63634 76786
73101 -26061
25229 -5993
16991 -24031
70925 -38436
12242 -86366
-88276 77011
-28669 -25096
97131 44490
-68913 8593
-3385 20908
-45473 -44862
88938 19211
10165 38339
50433 -64214
56583 -3453
-69906 -36711
98156 69010
80670 110
27261 -20750
46952 7138
-28489 95480
188 -91925
62857 -80818
-44009 -9393
-57671 -10138
-12030 6026
30423 37089
-89924 -52575
-76675 -33425
-8618 70362
-97176 62045
-68848 48132
69687 97222
15125 -88923
-42514 -12856
34907 93722
75299 -87379
-74267 30317
-58570 16707
1841 8990
-30174 82057
-41309 -27816
-67661 -42045
-73428 27875
-95895 -51462
61589 70394
-32065 46938
61993 30031
24218 50762
-36085 -33801
-48732 -53817
2660 7859
-61837 -82934
-95069 -57375
-68777 24219
62340 6889
28794 -15762
-85109 49442
53162 -70465
-37903 36513
41140 -67208
-22579 -22889
9159 64027
-70718 -24796
84527 -64508
-64664 57201
24777 -4810
-8307 -87542
28191 -47109
-11728 85763
-820 -21054
-29493 -43055
23592 43275
-76940 -99122
-21003 -66898
19740 -67818
861 -5084
94641 -35979
-47580 -32494
31848 -51925
-51651 42242
5908 -85716
69284 -74643
-40738 9222
-8676 53149
-70354 30937
-64186 -76747
39774 55206
-78415 -93342
-59852 14935
-93670 90104
-96354 48429
60981 -23160
63001 -64916
54999 14957
70274 58804
57382 72774
-49138 -93716
-65753 49478
3565 -1283
-5365 -94980
85201 13785
17041 -1139
76938 -5471
7792 59701
-70348 65155
24900 -33494
-70296 3032
-41299 -99628
64925 49583
79928 52504
-18811 82816
-51942 -48457
-6274 35555
-80164 -88475
86297 -97228
48494 -6191
91979 71834
-7164 9370
39387 -47729
-96115 98195
8728 59987
7636 -84809
-79437 -53061
93072 63171
-41475 -10720
93638 1082
-36642 5747
-66264 13903
-85658 4063
-77791 -92153
51024 1005
-68057 -20247
77533 -27786
-45390 -3961
79054 23187
-5273 25535
-29457 86912
-45533 -56266
-2495 60175
54442 32112
-99578 59863
82342 -74838
-60711 -56309
-73966 -70885
406 38957
-7105 8061
37416 64978
94550 41235
-620 -88743
-41116 -61470
91858 45560
-74340 -32404
-15641 25638
94832 -33412
39764 -17438
80849 222
53339 16623
43945 50987
-21930 -10736
24111 42900
18556 -28101
-2236 1941
-23721 -35765
-87028 -86703
-68876 -82538
-25489 93810
-19856 82488
37701 86131
30323 91493
60966 -84179
-99480 92252
-31818 30832
90680 97320
4993 -34268
18110 39394
-81261 60678
-99257 -22414
68741 77429
72371 72982
-9005 -15037
-4302 3376
-56535 -25723
-4159 -96262
14389 -87102
11884 -88151
-63018 -8378
51983 97687
53153 63645
-12920 3553
9350 93814
69635 -97404
38027 43901
78169 86049
-20750 -17076
-52907 -61548
75649 48397
66037 -35341
52733 -96775
-335 -37524
-39921 97815
-99362 90999
33658 98630
-18886 79942
10326 15198
25531 -47694
21075 -64862
-93502 44212
-94685 84277
-54680 82232
-38506 43100
-32294 38922
-63910 -54359
-46641 96475
80332 -22663
91555 86970
-71536 23761
-57537 -31068
-39076 -55220
17308 -56534
-33627 -71804
-46537 54888
-42588 93858
-77857 -94467
-50181 2953
-37905 -19956
49599 32532
-51740 75883
-27861 14171
-27953 51364
15655 -335
-65482 -84596
-47799 70016
85078 -18867
-85483 -60222
87065 -74333
-16750 -85503
-782 -31064
96733 96649
616 67069
34772 -7495
54129 -93142
-66359 65030
3510 36672
20999 68305
-49666 -64604
-42164 73598
800 52704
54416 -31486
47416 57413
1989 5175
-5829 -9015
-57876 14750
71330 -49063
-16480 -25350
-40742 85268
45604 -82696
3324 -30131
-26932 -77927
20476 -28110
35496 -75953
3554 -11295
27841 -87491
57545 5144
-49687 -66610
62737 -97443
17271 -38598
-31389 93251
-72342 -63126
-97729 -26861
-84840 -91171
36699 88924
-66334 20167
92673 -64602
-69039 1044
-89608 15985
66790 75998
-77236 11328
799 -9812
-63228 21144
-69536 36448
-82190 -99803
71011 -32610
-18264 2638
-4225 -96497
63760 95665
-39308 -42725
-44410 32045
5437 11802
22255 -48113
3979 6487
25223 27960
96251 -73654
2098 18596
-67768 -25894
-50853 8816
40512 -46963
-7512 -58635
-18087 98101
77472 -27608
-31850 -63617
76446 85208
-90772 -10498
-20002 -52174
32954 65390
-26366 96319
21776 -51580
36830 -73340
-17430 15836
-63088 -78665
-24150 71384
-59300 -5519
22026 -62844
-25149 73388
58143 11747
25272 -98707
-52758 -28869
-88588 -9920
22690 33041
21677 2300
67584 -51632
-40470 -52442
-40831 73795
-8628 82390
-2823 -22535
23241 -93115
-4136 -29652
-3345 -18572
32752 29999
-99773 4641
-16897 -25607
-62836 61794
-64225 -48237
-34561 82618
-4081 -68912
-57451 -38553
64384 -99234
-51535 44529
-82836 17115
67819 -7988
39229 12258
76407 93842
18404 44762
40930 65534
-18637 29740
-17049 71491
63767 -33552
8578 97341
46830 -55328
-3931 -84042
-46179 60873
-64305 23113
51837 90846
-14730 -88612
-15724 30239
52169 71232
-86897 -13180
45970 -45446
62218 96474
-34180 21704
-90656 34036
90492 55390
-34862 85244
-99385 12595
-87862 -17864
-45970 -75066
75438 62434
6947 -67230
1987 -54898
9723 34554
88930 -50725
-46666 -62715
88682 60653
-29795 -13819
64243 16576
17443 -18160
18637 -99881
-65092 67910
84605 12336
31791 -13016
-28038 16705
56326 81655
-49139 -8950
-11895 49592
74399 94512
33908 20709
-77535 -87962
-95703 23998
15346 -92314
76718 38065
37714 -50322
-39351 10750
-33290 8395
30710 20131
-35030 98812
-48998 11803
-23497 -92760
-29466 30858
73938 -20686
-68203 26718
-90276 3198
-76725 39624
51947 55605
-31492 57762
2854 -53363
41485 -56632
90024 63577
-97804 37975
-9555 -89632
-5423 19209
-94950 -68470
53347 -48060
73020 -21034
31878 -25657
-96489 34265
-41868 11578
40198 10255
-62166 -67445
65622 79720
-32752 23702
92407 -69933
1144 57267
30683 14625
58199 -25702
-55211 -37459
-36873 -11604
-75940 68268
29054 40638
31631 53848
-10611 -47698
-56210 -77298
93263 35752
26969 21246
-13643 4402
-91858 37628
-14549 -82758
88477 3087
-96825 -51392
-35893 -698
-99854 -18644
32145 32705
-32003 44468
-70785 -91416
-95821 -65721
64504 -36933
81316 46140
60258 93790
29974 34951
62338 32738
-14485 36604
-83393 57307
-87381 89026
34588 88197
27859 -19523
478 -9985
-81279 66880
-66136 -56160
-34305 38782
-18026 -38292
16943 -37378
-63641 59481
-9347 37920
-94306 96595
-63752 9791
-65200 -34878
55830 3640
96538 -77182
74949 81579
-35197 83561
-44928 41301
-33992 5033
25805 70324
-35301 -83686
-43979 48177
-32122 -8975
30797 -18397
76595 -19165
-3288 74639
-89193 -23246
34234 31964
-11874 -12461
81661 79729
-47745 -12475
-98177 -78516
-30263 -26437
40331 -71955
-9608 68487
-75886 -56685
-29175 15917
88291 -58828
-9023 20639
64357 83843
80007 -66850
-33162 -90808
-93293 -20445
-12745 22579
88579 -76467
93212 41565
-73078 37326
-75728 -85477
31646 -72011
32766 -14689
33131 -36939
22475 -80760
72303 59164
-27365 29747
-81229 25373
-52289 92236
-76125 -94121
78165 36966
23952 -82417
-11826 45996
-85775 59236
18307 -75096
4235 -16641
59537 12956
67110 51998
-262 -60249
98190 -36444
25958 67172
-62774 -89912
57712 46338
-67616 -39350
23864 13092
70117 -3731
-62267 52928
-16939 -46546
-71769 -49889
-75122 -69028
