1000
865
395
777
912
431
42
266
989
524
498
415
941
803
850
311
992
489
367
598
914
930
224
517
143
289
144
774
98
634
819
257
932
546
723
830
617
924
151
318
102
748
76
921
871
701
339
484
574
104
363
445
324
626
656
935
210
990
566
454
887
534
267
64
825
562
938
15
96
737
861
409
728
845
804
685
641
2
627
506
848
889
342
250
334
721
892
65
196
940
582
228
245
823
991
146
557
459
94
83
328
897
521
956
502
112
309
565
299
724
128
561
341
835
945
554
209
987
618
602
295
456
611
818
325
590
248
298
189
194
842
192
34
628
673
488
71
92
696
776
134
898
154
946
40
863
920
717
700
401
858
538
283
535
832
242
870
221
917
604
846
973
430
594
282
462
505
677
657
718
939
813
366
85
333
119
499
646
344
866
195
249
17
750
278
120
226
381
814
175
437
836
802
150
876
715
225
47
837
588
650
959
548
697
28
651
621
851
123
380
854
38
23
200
985
994
190
736
127
491
216
745
820
63
960
24
558
436
636
856
72
227
74
663
359
447
185
516
479
41
205
368
927
482
859
584
174
689
786
60
808
693
163
166
351
543
121
612
944
453
682
180
14
483
698
420
922
583
896
319
665
398
674
158
575
708
13
469
760
81
757
288
139
246
781
977
494
361
625
690
605
970
649
875
136
733
767
425
849
667
609
197
716
343
164
229
653
388
33
412
893
719
429
791
679
727
48
170
457
66
162
458
541
907
619
1
906
507
320
52
829
843
998
426
193
86
743
16
695
428
4
219
735
773
3
692
542
101
122
623
204
895
310
287
706
187
103
407
643
84
936
464
812
883
263
137
670
661
356
118
159
286
872
20
44
211
572
323
376
961
867
768
672
730
660
925
470
446
382
551
183
213
385
10
142
155
346
809
377
347
799
37
43
277
168
297
370
405
133
301
490
749
957
50
316
184
878
536
747
73
413
337
307
931
493
486
862
1000
352
510
39
753
704
916
160
942
171
642
579
826
655
90
68
828
87
203
9
404
570
532
460
943
501
599
732
223
434
378
268
600
796
442
885
874
29
539
463
771
694
207
408
971
817
222
639
108
371
560
847
500
152
578
416
654
899
508
910
331
511
687
556
954
349
986
765
326
838
330
264
389
597
302
827
529
890
231
308
778
165
153
472
518
392
923
515
35
93
531
615
79
928
212
549
613
996
811
601
240
886
21
759
520
261
881
269
966
792
418
394
393
958
131
294
57
965
145
504
156
362
422
478
396
49
797
633
332
563
355
503
114
903
62
630
648
993
699
731
637
304
982
934
397
764
894
981
125
882
805
801
402
775
467
78
980
46
262
968
533
683
586
236
795
840
911
537
313
969
117
580
433
793
752
978
32
703
31
509
740
259
709
354
357
11
237
839
375
915
147
675
766
8
707
26
620
239
880
465
116
353
725
983
265
214
485
984
300
900
567
652
335
608
106
547
595
161
386
129
824
243
680
616
22
80
720
75
564
427
949
606
306
364
255
379
972
419
746
329
452
976
974
816
284
115
705
815
951
787
432
443
179
254
474
647
89
495
788
645
559
624
435
770
95
779
238
124
905
596
406
105
291
201
610
88
256
913
70
290
138
545
421
979
414
798
926
644
714
391
411
480
761
712
514
668
455
54
909
27
540
69
888
947
686
7
233
587
734
173
664
919
726
933
358
399
438
450
963
51
373
59
178
305
722
525
292
790
56
953
441
466
273
45
167
671
806
439
198
348
327
30
215
891
258
754
530
314
742
449
423
451
247
784
424
573
908
132
110
571
293
555
729
527
550
280
177
751
901
676
528
995
755
758
852
67
315
691
336
383
492
176
141
182
523
794
713
241
111
631
317
569
669
756
322
869
967
61
744
884
232
688
18
365
553
841
140
271
126
400
513
678
82
338
244
181
253
918
807
950
107
955
772
403
544
296
481
36
585
739
53
952
855
738
157
372
350
681
113
568
769
577
476
576
629
234
964
762
461
522
169
279
448
12
208
902
477
130
25
5
417
658
783
741
844
763
833
272
260
468
948
186
822
99
360
810
879
857
640
475
6
821
410
252
988
148
444
785
390
276
591
904
937
340
149
997
526
274
235
800
877
659
55
603
519
635
374
873
369
97
100
285
512
999
473
270
206
487
109
710
387
230
440
614
172
188
864
202
662
702
929
632
497
622
780
77
711
789
321
58
384
275
191
868
218
593
199
19
281
217
853
638
589
831
496
303
91
834
782
975
592
552
860
666
607
135
471
581
312
220
684
962
345
251
