1000
138
583
868
822
783
65
262
121
508
780
461
484
668
389
808
215
97
500
30
915
856
400
444
623
781
786
3
713
457
273
739
235
606
968
105
924
326
32
23
27
666
555
10
962
903
391
703
222
993
433
744
541
228
449
567
239
354
237
694
225
471
976
297
949
427
858
939
570
945
658
103
191
645
742
881
304
124
761
341
918
997
729
513
959
991
520
850
933
687
195
311
291
602
904
512
867
964
518
403
604
874
36
492
249
762
817
414
425
681
178
376
562
720
795
691
756
384
89
450
680
521
111
798
168
534
861
380
502
751
31
481
45
316
721
869
630
608
593
404
663
175
173
515
233
13
790
205
553
943
238
415
527
353
592
362
932
276
676
624
981
747
6
393
803
878
841
978
908
961
759
525
829
133
532
797
575
211
437
973
58
493
891
374
584
568
517
424
497
833
366
355
2
552
554
639
806
628
340
470
615
29
824
236
651
182
564
599
186
882
94
818
565
872
837
954
34
862
967
690
73
86
889
18
464
15
773
774
288
256
113
640
190
298
72
172
164
975
673
280
664
302
466
330
509
486
117
25
320
396
352
432
816
193
265
112
260
922
748
523
989
621
443
999
22
231
19
407
150
37
737
983
165
722
519
695
558
853
226
1000
646
712
529
462
229
537
665
405
692
590
823
329
647
61
306
129
992
218
897
49
314
880
79
318
940
163
579
259
134
9
900
871
39
605
840
223
986
923
472
176
848
998
799
638
522
388
206
356
102
588
919
199
505
107
682
334
627
893
412
289
161
879
336
831
577
802
139
348
440
219
99
955
561
937
704
548
787
546
241
67
743
42
87
137
174
171
275
778
377
347
349
299
619
733
909
501
594
789
41
417
75
390
887
151
849
350
118
801
585
230
580
84
274
913
303
578
948
469
284
47
629
846
907
809
246
805
601
166
119
698
248
866
106
446
988
826
994
556
838
489
323
213
28
11
611
328
401
321
409
66
936
325
616
467
115
257
221
804
633
705
678
365
266
188
315
204
253
370
92
772
459
93
589
659
990
43
192
812
944
252
343
104
827
95
251
21
828
250
77
769
368
506
884
158
514
815
184
154
145
842
313
110
727
855
942
617
301
130
916
212
146
559
740
33
324
925
689
929
765
707
183
307
551
162
50
732
883
684
254
699
987
458
441
563
465
12
406
857
498
813
662
956
20
64
709
364
142
408
411
177
240
8
542
953
655
749
232
245
507
491
980
730
423
346
574
626
746
670
282
996
74
782
524
661
899
378
785
905
209
710
870
566
381
170
719
755
476
609
88
877
127
984
387
181
160
965
776
54
735
653
357
394
528
169
644
935
143
632
863
718
456
947
247
995
392
963
926
931
123
442
547
419
677
285
255
768
573
5
643
267
292
152
319
600
700
811
876
503
431
125
788
214
901
210
766
14
140
383
587
825
448
516
777
332
1
453
736
359
586
116
571
4
613
757
946
473
530
960
763
635
685
544
203
369
539
399
345
637
752
717
920
767
70
764
656
649
277
76
835
620
358
271
726
422
895
702
156
474
479
278
101
69
454
728
969
708
96
652
706
283
312
243
342
71
716
851
536
675
480
572
51
305
669
753
731
625
758
402
410
496
888
338
734
724
865
873
921
890
413
951
641
750
892
455
596
269
540
167
452
770
109
234
979
57
612
24
911
771
351
679
98
242
217
463
339
114
81
48
16
595
295
941
201
902
845
397
149
898
59
261
82
928
550
63
538
44
281
800
286
197
62
603
958
807
180
439
715
654
535
927
435
258
155
46
55
526
545
132
917
725
26
820
310
60
268
814
120
436
108
460
533
549
852
333
100
420
308
819
667
322
428
327
153
745
287
373
950
760
836
821
504
371
227
421
52
832
648
657
859
499
194
494
834
263
418
207
631
361
7
796
557
290
839
977
531
618
135
144
792
754
38
686
279
382
398
468
426
131
344
794
741
438
53
224
696
430
688
122
272
701
220
660
90
510
875
264
910
296
830
674
451
779
200
511
614
482
711
91
582
906
793
147
80
543
957
738
337
982
972
810
864
591
636
487
429
309
56
560
485
671
372
569
634
136
693
847
300
854
416
683
576
483
367
791
938
386
244
148
597
179
379
860
970
650
434
930
78
385
477
581
478
610
202
85
157
141
293
208
723
475
607
17
843
395
598
985
971
68
886
622
270
216
894
189
126
784
490
697
914
488
317
844
775
375
896
335
294
912
885
672
952
331
185
974
714
40
934
159
187
966
445
360
495
447
128
35
363
642
198
196
83
