1000
979
884
971
870
58
94
87
370
856
174
754
829
686
875
316
258
621
218
622
37
596
698
163
442
654
403
823
741
881
522
973
381
558
959
456
515
275
923
892
29
373
477
955
327
930
390
434
914
906
539
169
574
182
242
237
25
181
333
178
140
523
369
527
691
187
916
457
816
425
753
538
929
931
782
809
608
363
371
880
985
166
978
773
410
733
757
473
671
544
256
502
286
948
511
513
528
852
678
905
466
922
925
360
582
744
943
571
742
468
499
675
228
964
835
717
171
898
632
792
934
492
317
311
981
819
724
517
576
531
520
668
631
603
417
320
749
213
501
525
376
957
701
639
904
78
804
841
350
9
196
763
109
61
589
669
51
280
606
233
699
897
938
535
273
251
845
216
967
902
62
920
735
778
33
59
372
177
689
85
118
70
26
42
747
941
22
383
262
131
833
161
189
536
709
2
395
604
45
814
254
156
995
38
5
353
961
643
761
766
116
293
346
32
460
565
785
620
758
47
924
271
774
412
637
723
158
485
982
231
96
677
704
324
859
105
459
808
896
599
800
336
148
983
266
269
994
430
19
572
144
687
260
35
135
175
99
465
651
238
521
939
726
253
239
732
76
257
83
234
640
811
820
727
263
769
155
394
419
165
114
90
247
103
21
108
223
534
476
318
549
658
702
779
987
826
445
436
524
53
903
429
952
186
97
680
822
375
20
532
984
944
122
626
297
707
382
423
104
314
204
861
794
846
17
832
463
421
653
498
475
214
911
629
6
292
958
79
225
503
197
119
586
402
734
772
354
405
909
125
261
126
871
343
657
401
710
634
482
796
510
298
367
469
145
818
384
276
496
887
490
737
746
824
504
857
697
304
611
562
438
713
696
716
600
838
590
73
365
559
151
427
69
89
917
830
664
39
132
998
400
907
338
450
537
294
115
160
554
993
337
529
255
264
162
721
241
414
368
802
783
588
149
478
452
31
610
393
755
185
55
495
281
415
728
960
484
986
561
339
731
764
84
780
840
873
546
193
413
836
683
392
937
12
321
729
666
18
966
222
583
396
928
221
996
786
821
205
601
595
627
142
628
695
494
526
580
479
730
210
990
75
359
4
858
68
497
945
471
274
899
472
82
356
962
692
641
807
854
885
139
56
167
512
391
302
11
290
991
551
578
454
693
665
137
552
310
265
312
342
662
972
815
670
659
649
869
872
154
644
92
575
285
63
839
389
878
374
219
80
453
891
299
138
736
655
335
102
910
244
481
195
771
867
190
828
564
388
844
768
351
288
900
738
949
750
329
770
722
648
545
638
377
179
489
946
191
323
992
107
172
940
447
556
243
609
555
207
98
146
803
340
431
725
246
48
345
963
787
64
883
65
441
455
798
279
136
591
866
120
347
486
635
893
325
612
93
681
508
411
422
464
111
180
10
685
226
95
879
921
487
248
67
143
573
50
560
7
842
834
542
245
217
642
404
926
387
305
349
134
408
322
817
307
831
541
784
287
235
720
141
617
200
594
41
661
740
553
49
791
882
843
230
613
40
706
201
652
711
890
645
718
284
426
684
467
676
752
933
220
268
206
806
355
630
488
379
483
101
13
30
203
60
547
812
352
74
790
385
739
458
491
579
988
877
208
660
682
123
57
908
618
969
557
397
533
965
505
72
227
43
133
212
330
303
781
448
968
570
364
703
100
110
624
357
283
825
918
615
27
46
358
999
548
52
679
519
625
789
446
439
810
847
362
690
927
935
249
106
416
874
54
530
130
159
188
451
614
974
150
24
192
584
646
976
437
954
997
932
278
868
164
296
113
518
252
765
444
760
936
170
240
462
585
663
607
331
751
183
334
540
942
506
209
229
759
851
88
516
587
215
480
602
694
745
865
86
202
23
313
474
147
901
152
77
919
300
28
912
428
129
714
315
567
756
493
66
8
361
308
795
581
953
236
673
440
947
121
44
975
432
719
127
855
970
577
568
176
433
34
198
989
863
435
950
597
514
224
409
332
344
762
232
712
853
157
1000
777
793
705
860
211
543
850
282
688
650
674
1
598
289
708
291
623
748
849
301
128
550
117
827
915
3
862
886
173
199
894
386
672
418
801
250
566
168
295
647
407
14
259
805
616
470
348
270
569
443
424
633
767
797
272
888
776
399
656
277
636
700
306
775
194
309
380
592
16
788
81
837
743
366
420
153
715
563
449
500
341
956
328
864
813
605
895
507
71
124
913
15
326
619
667
980
36
184
267
509
848
799
378
406
889
593
398
91
461
319
951
112
876
977
