1000
244
607
558
134
379
938
619
486
641
595
68
621
14
931
858
481
266
565
240
197
735
482
554
857
563
488
407
655
882
155
238
651
156
889
949
536
400
760
16
688
796
66
164
777
981
606
44
309
799
32
844
887
276
485
610
737
943
900
397
732
808
944
438
405
746
821
591
456
988
959
138
375
100
37
140
507
223
265
989
689
447
798
642
876
432
520
854
396
588
360
547
600
418
599
926
345
699
952
30
877
287
713
168
716
335
555
927
586
583
107
731
672
217
649
852
274
292
128
65
494
875
496
91
353
820
69
421
919
21
301
788
426
894
122
46
620
630
780
47
387
736
601
339
903
945
286
518
242
318
8
79
111
615
549
33
972
203
995
299
626
270
160
707
348
322
369
982
142
883
386
472
891
533
660
888
698
573
106
636
997
964
831
278
442
650
738
733
448
534
311
562
12
594
323
631
604
648
137
62
643
341
478
362
696
940
624
724
756
502
23
63
978
693
22
987
258
644
468
306
616
328
182
373
190
321
865
271
308
807
108
791
833
28
701
753
135
513
228
670
824
245
336
192
695
446
666
715
105
330
342
692
230
449
830
984
174
82
224
907
462
231
806
124
35
543
196
827
859
589
188
885
349
848
658
88
826
635
354
133
531
813
871
476
355
427
298
430
582
420
424
205
5
489
966
853
902
638
523
445
973
950
34
764
772
679
766
532
296
557
350
912
233
70
879
603
294
123
251
36
823
711
525
947
204
905
922
441
51
493
176
516
538
550
55
962
935
627
117
129
259
996
832
802
361
227
126
548
909
837
246
811
281
911
132
500
585
884
410
52
775
255
633
540
434
53
331
840
2
878
57
794
130
48
71
495
999
730
89
528
515
324
161
74
663
399
312
370
272
337
439
127
131
569
4
734
741
390
815
581
183
383
652
45
908
382
509
779
720
431
974
429
19
277
712
605
436
437
901
29
334
384
993
920
810
892
269
125
708
750
812
684
112
752
327
578
545
602
6
147
793
95
102
676
385
184
25
862
873
27
118
690
714
976
593
307
818
38
786
524
542
110
568
767
103
957
567
564
333
185
80
248
662
256
466
717
404
377
614
359
570
990
86
241
423
864
991
165
691
530
703
659
411
153
167
99
510
939
454
191
771
151
958
872
551
977
303
723
315
24
275
491
392
206
177
584
148
492
719
211
480
855
924
842
669
571
739
75
971
904
479
933
236
913
664
261
195
795
141
637
722
880
262
886
94
747
819
121
936
366
464
31
343
340
389
498
216
761
979
401
282
682
443
116
541
257
718
378
776
687
967
773
968
985
347
580
539
683
506
521
61
302
187
748
647
154
380
955
574
145
661
612
469
320
801
181
186
590
758
402
368
273
393
517
254
363
897
414
459
829
868
115
932
745
194
762
836
623
150
881
408
199
175
207
890
863
835
566
928
598
704
918
3
789
678
504
178
537
970
455
291
983
674
914
157
139
639
946
634
519
511
552
20
953
83
860
352
497
419
866
433
214
665
501
412
467
921
39
263
376
870
371
611
994
215
200
163
173
143
113
503
413
326
721
41
225
97
169
119
609
54
965
477
809
956
575
346
645
325
96
59
92
93
56
671
522
998
963
675
313
770
622
90
189
561
697
951
179
856
961
372
425
235
841
728
499
158
843
709
694
677
243
58
50
461
751
409
319
247
705
295
226
576
800
929
193
43
846
613
104
915
229
850
685
893
618
457
797
114
120
553
374
803
220
64
344
450
87
170
768
954
212
744
896
475
729
874
925
916
417
300
740
484
42
213
283
202
765
782
1000
898
166
556
980
293
851
305
249
11
15
544
209
364
805
284
560
822
267
440
828
769
18
834
76
290
592
144
535
422
237
470
628
280
727
934
78
381
847
849
289
428
508
838
72
473
297
49
9
146
778
444
288
149
937
490
252
917
453
394
869
861
172
208
162
814
702
785
452
653
790
617
391
77
527
906
13
930
668
332
1
84
329
219
388
487
816
656
899
10
597
232
657
845
941
406
587
351
596
458
222
514
218
253
579
221
180
435
310
81
416
358
505
356
608
667
783
577
395
743
201
742
268
152
986
101
781
763
264
279
923
398
367
757
749
640
98
85
726
680
7
825
559
250
26
754
316
463
512
759
60
304
136
317
646
839
234
572
526
910
285
73
159
992
969
681
792
725
787
529
867
338
755
774
357
451
960
686
415
471
804
706
239
109
817
198
460
673
260
210
314
895
403
465
632
625
700
710
975
654
483
629
474
546
784
171
67
948
40
365
942
17
