1000
242
311
106
739
406
491
159
93
69
21
412
563
940
297
820
784
61
228
533
550
369
284
799
177
847
109
269
220
966
950
27
849
657
827
267
279
199
169
318
643
889
750
984
876
869
902
382
89
866
621
346
688
398
519
255
183
254
485
287
92
968
958
838
887
965
561
861
308
8
931
299
587
722
904
320
521
200
424
434
614
296
442
463
166
239
313
266
833
817
45
84
48
474
642
288
532
548
664
483
718
352
149
690
201
423
936
208
651
648
452
283
189
365
447
765
603
329
650
572
204
927
332
104
860
64
726
235
285
597
631
883
244
126
340
182
298
471
44
366
715
85
918
988
978
293
753
692
983
335
19
331
330
990
157
794
668
421
891
636
697
80
301
633
197
916
455
300
140
257
391
985
163
10
373
46
466
174
374
803
824
372
586
100
450
213
435
939
117
57
755
173
610
694
994
154
622
42
560
503
256
37
855
542
793
420
206
490
207
248
504
38
225
432
663
911
439
851
221
511
193
33
261
260
249
539
214
791
238
428
268
146
333
53
913
951
323
579
120
584
413
986
923
669
670
892
810
735
763
507
397
96
441
216
953
895
922
967
947
170
345
304
673
819
658
835
431
541
671
821
703
275
347
945
402
980
509
77
880
995
685
196
405
921
635
131
786
992
276
684
877
62
172
705
476
583
484
414
400
224
818
4
217
161
14
625
898
264
119
830
789
802
899
564
55
900
974
623
339
839
914
576
804
938
540
451
28
81
36
713
609
116
501
575
886
143
43
82
787
901
536
11
305
858
356
848
88
557
465
211
807
319
240
777
499
410
98
118
907
375
525
445
426
879
729
796
644
903
964
653
310
857
433
122
381
896
167
181
724
153
881
265
555
998
926
5
728
6
124
559
114
806
733
616
496
78
534
252
422
868
185
885
2
693
930
321
558
935
479
934
582
960
628
453
145
258
790
612
371
678
349
137
444
148
829
638
924
963
203
590
813
359
905
79
662
959
184
338
179
24
619
537
973
773
850
91
368
977
101
187
599
508
677
588
961
779
948
908
764
852
874
416
919
502
721
227
377
236
551
543
823
411
993
291
449
554
470
710
630
846
639
29
160
524
70
989
646
943
816
933
94
774
656
489
797
68
245
71
307
136
971
49
168
408
596
698
731
552
162
770
325
125
278
63
659
912
647
719
749
425
976
134
727
737
574
711
3
742
566
515
158
865
306
520
385
263
528
401
699
337
175
286
20
312
809
624
844
16
237
567
9
736
546
190
464
944
700
389
854
544
602
110
487
925
615
756
39
841
218
262
593
822
606
315
641
348
86
915
324
107
675
999
716
40
620
488
979
362
613
74
801
617
142
714
316
845
522
1
232
281
751
997
219
757
767
354
836
35
178
506
66
523
884
708
290
808
448
180
909
955
996
417
863
769
31
270
295
937
95
957
956
222
512
783
661
467
209
171
251
864
581
155
929
775
186
212
608
754
176
51
975
165
701
952
59
687
205
762
859
941
367
962
640
353
393
549
115
230
357
22
121
707
510
314
403
475
360
458
459
734
429
303
56
917
494
856
247
341
743
392
600
637
138
188
446
758
322
748
676
982
344
156
585
202
123
76
147
565
144
840
355
83
215
772
910
427
47
618
875
34
867
946
531
538
67
709
139
781
530
526
681
594
73
660
436
987
778
468
495
595
991
981
744
871
723
547
378
882
680
99
888
570
229
396
972
443
383
358
388
361
460
103
130
326
686
317
746
500
233
292
127
645
834
689
629
364
545
683
13
782
481
760
768
342
272
578
1000
792
811
395
969
761
607
192
837
336
461
589
814
58
65
654
231
815
226
15
514
592
135
725
717
632
271
394
730
52
376
72
655
893
87
151
928
457
111
970
580
253
277
274
294
805
949
832
798
133
667
194
906
831
32
518
472
691
97
788
409
7
105
741
195
870
747
477
527
825
497
280
674
942
516
469
384
102
626
328
309
795
430
591
132
456
812
785
152
505
30
112
418
75
23
350
351
438
878
577
243
920
399
480
535
872
897
695
704
665
682
343
334
473
562
517
18
380
738
766
571
478
513
712
191
129
672
327
419
666
954
649
679
41
210
843
50
60
370
752
486
569
363
108
250
826
492
890
404
720
282
198
498
241
25
407
732
780
437
150
289
740
611
873
493
759
259
164
223
390
771
379
800
862
828
26
776
598
853
745
387
529
462
604
702
141
12
54
302
454
696
128
386
634
90
482
556
605
932
568
440
113
842
573
234
415
273
246
652
706
894
627
601
553
17
