1000
638
262
760
368
815
708
966
862
758
668
945
543
30
861
477
795
256
665
54
923
161
116
381
481
890
253
390
557
105
588
14
749
222
418
287
187
939
889
785
399
164
781
817
74
143
633
456
130
136
2
996
893
6
215
793
221
984
170
894
171
297
322
985
204
553
898
695
641
210
964
992
202
990
989
916
393
306
23
370
425
959
150
271
67
340
309
838
618
601
4
611
725
347
68
318
364
839
314
493
714
324
190
484
722
181
59
263
999
962
24
973
768
367
866
414
19
563
807
429
375
386
593
10
464
48
186
639
979
978
122
774
252
952
840
965
474
353
525
915
538
257
111
604
767
800
377
881
303
38
444
969
94
214
349
526
626
372
941
152
283
947
720
559
95
320
703
325
182
818
81
642
153
739
706
317
496
166
738
50
83
616
547
946
416
33
244
759
609
847
467
667
432
58
654
34
821
506
343
859
213
134
750
578
646
919
424
110
173
445
382
61
431
302
145
465
636
873
174
1000
535
500
748
326
491
281
299
482
924
151
387
842
545
983
184
643
960
512
185
92
504
279
528
801
562
515
65
805
794
365
712
602
680
36
778
373
573
685
288
856
498
272
789
734
301
980
666
183
595
12
486
561
334
688
475
296
837
513
663
690
366
357
660
354
756
961
849
419
359
864
177
891
888
705
461
374
531
146
857
371
875
489
290
709
737
687
427
176
632
529
682
310
567
653
278
29
201
452
640
225
647
736
43
483
232
56
914
137
114
495
199
37
426
360
679
627
605
925
383
1
975
286
877
420
118
852
988
564
629
98
348
974
982
361
133
430
833
658
552
379
479
392
981
624
841
678
580
630
645
913
385
440
443
492
726
389
394
876
936
163
267
509
258
21
327
968
315
294
147
25
125
676
637
455
41
140
402
546
574
250
958
502
275
865
159
293
505
623
487
661
885
619
902
762
917
17
779
308
345
304
28
476
699
763
3
259
910
704
196
15
798
827
438
610
590
977
648
494
880
934
395
488
921
850
777
311
597
664
933
319
490
911
510
997
339
551
158
436
600
555
832
71
751
236
274
88
811
27
342
740
415
719
499
51
127
863
126
662
845
976
730
138
300
723
449
154
188
822
69
219
45
569
677
764
585
761
409
900
11
323
702
615
362
672
384
937
142
715
155
583
518
298
226
270
565
242
261
853
769
291
530
828
241
755
135
731
20
671
350
587
684
128
519
245
400
987
332
816
544
31
556
743
55
869
698
814
229
119
86
217
144
363
953
358
396
388
741
824
607
406
100
191
208
912
635
944
439
473
103
197
670
73
156
566
113
285
689
918
771
378
468
870
160
121
333
691
246
747
168
35
206
732
26
589
237
673
411
724
697
189
480
247
180
441
744
7
63
421
47
858
532
579
963
97
243
823
503
700
52
407
62
854
457
656
53
897
39
995
200
713
521
413
193
240
87
950
810
89
613
78
878
220
18
434
586
787
13
935
775
460
230
568
90
799
791
321
550
84
251
991
591
683
718
255
721
205
904
907
101
788
570
453
746
49
825
576
329
141
269
693
331
66
783
757
571
993
447
265
541
129
207
599
745
621
727
148
784
234
786
165
485
107
834
871
931
903
403
284
770
248
376
829
64
507
391
102
772
735
289
922
943
884
820
620
625
514
836
594
710
608
696
212
80
282
91
955
124
351
558
669
542
694
330
112
733
909
218
313
172
79
423
231
584
851
560
417
927
192
32
577
195
806
707
497
855
75
194
949
235
631
104
115
96
344
108
754
892
106
178
470
478
612
986
701
508
120
352
928
511
808
346
76
99
957
831
22
224
998
454
860
790
446
634
652
896
844
846
938
920
16
433
404
649
469
766
614
93
109
659
410
929
596
681
9
239
517
812
40
906
355
796
572
305
451
380
598
868
606
57
307
581
44
835
803
398
644
809
450
575
711
603
422
227
972
472
312
72
280
773
674
967
970
211
82
405
458
149
549
804
266
867
657
292
742
879
338
524
956
175
448
650
729
940
651
728
264
716
592
655
501
895
534
942
60
537
792
132
776
874
428
692
336
233
123
520
954
516
753
77
628
872
401
223
462
782
813
675
994
295
8
971
617
463
908
437
843
527
179
85
42
901
435
883
471
539
356
523
752
582
717
70
238
341
328
412
466
117
167
254
802
277
765
932
228
826
408
46
442
948
780
533
887
209
260
686
337
276
886
930
316
797
273
369
622
951
203
819
899
540
926
397
459
335
198
249
905
216
554
536
131
848
139
162
157
830
882
169
522
548
5
268
