1000
813
588
842
83
497
781
268
38
1
150
679
601
482
989
778
753
383
328
789
23
280
501
822
203
748
894
424
933
552
553
699
97
198
577
567
717
825
747
272
823
625
703
91
865
435
344
96
371
820
420
257
456
774
202
718
651
816
299
100
975
47
603
925
206
848
672
935
370
499
956
853
932
199
528
590
661
994
715
914
516
1000
939
30
649
251
617
441
312
366
604
123
92
513
902
695
538
204
120
623
275
320
737
201
389
496
229
142
612
215
855
887
898
535
13
194
797
174
18
664
341
572
927
688
636
634
314
384
387
541
399
297
130
696
56
190
434
609
765
408
99
452
252
826
618
687
892
911
457
458
803
852
390
79
530
437
483
311
723
837
419
964
88
197
697
273
463
500
740
177
19
551
127
258
193
263
515
338
950
261
421
901
432
627
498
487
673
491
504
146
739
509
650
479
332
376
676
167
995
936
946
635
386
712
662
999
162
960
298
574
7
639
461
988
59
187
31
793
584
115
736
380
961
510
874
64
942
159
971
276
629
16
433
802
834
78
481
238
103
986
149
698
641
250
622
326
148
39
644
685
732
108
490
474
742
922
71
645
32
719
565
131
632
947
86
165
633
647
934
930
859
915
670
512
711
21
811
653
141
838
967
931
957
798
451
284
489
730
594
66
373
293
369
963
35
879
283
287
281
990
485
442
455
945
381
33
731
256
836
620
654
245
549
764
34
757
178
345
54
758
784
770
973
444
352
907
80
750
693
117
410
561
139
476
761
507
655
77
132
76
359
533
191
539
726
154
189
289
155
520
583
871
398
968
227
713
578
733
129
430
708
168
776
325
247
575
587
5
806
396
779
334
876
391
10
866
544
678
140
734
240
557
382
279
683
996
153
169
707
138
394
63
41
484
61
118
667
729
554
690
377
610
62
556
231
417
782
579
705
974
301
95
885
173
916
449
982
183
52
701
769
861
436
294
262
207
880
807
220
285
607
14
540
810
763
998
993
893
339
796
599
232
972
29
944
709
349
447
53
353
143
11
70
3
475
849
271
90
694
605
631
236
136
559
249
440
642
851
492
951
277
260
307
910
777
460
828
181
112
829
526
156
403
486
883
891
786
555
832
815
221
863
660
921
470
346
428
137
372
6
799
313
85
418
638
787
949
658
422
772
858
152
952
977
992
374
905
337
862
606
400
889
666
680
817
991
69
135
43
113
840
518
519
89
681
128
222
360
347
163
997
746
839
180
881
469
114
744
467
824
586
752
270
771
2
904
671
646
12
282
104
105
756
856
151
684
762
415
20
969
545
107
966
73
124
409
722
814
175
821
794
355
302
558
706
906
464
570
788
637
4
900
508
571
550
37
329
15
585
196
158
60
745
310
720
223
725
176
93
835
897
591
188
488
912
368
126
913
209
624
450
225
58
495
259
534
656
308
767
425
918
659
517
81
547
361
65
317
414
608
721
735
759
290
264
318
657
668
923
110
985
573
122
218
72
783
102
25
336
331
630
465
182
116
686
401
602
477
611
755
28
407
941
36
323
511
598
185
472
439
480
74
67
493
445
27
846
184
416
614
356
239
628
850
831
801
728
429
506
869
805
362
17
210
46
106
576
426
335
958
208
211
217
51
226
379
743
195
57
514
205
411
938
542
955
48
691
943
937
84
692
531
494
216
877
790
581
304
615
8
300
525
213
423
613
888
920
870
714
675
305
49
940
741
367
543
669
478
566
230
548
619
886
857
502
890
597
800
134
648
593
640
214
812
324
878
773
392
621
241
537
255
164
589
818
568
427
595
253
909
521
524
724
75
192
454
626
121
388
243
119
760
50
303
580
860
751
109
582
792
791
375
882
443
459
357
830
358
847
948
161
868
350
45
873
965
228
564
867
970
908
983
987
652
365
562
844
845
785
248
978
157
754
254
406
959
536
44
716
160
780
343
9
322
819
94
171
200
895
702
929
235
884
219
42
563
125
899
841
462
917
87
864
560
962
768
924
926
22
431
843
144
505
378
875
854
919
981
616
896
265
212
833
363
292
166
674
984
523
342
348
704
246
55
453
288
402
665
233
26
663
529
928
237
795
315
351
404
448
466
903
727
393
224
979
592
309
172
397
101
321
804
468
546
295
286
242
306
738
40
364
98
808
980
438
278
111
689
710
775
333
809
319
145
147
340
133
643
532
953
527
766
234
266
976
267
872
330
316
82
749
446
413
291
296
596
385
471
682
395
274
170
24
473
827
244
677
954
412
600
503
700
354
179
68
327
269
186
522
405
569
