1000
332
971
155
405
667
50
75
841
549
97
375
597
60
932
520
220
39
89
445
429
72
247
93
565
435
61
847
580
127
229
646
643
64
591
600
407
51
1000
227
48
571
880
137
297
430
148
554
121
585
316
574
836
699
186
106
596
655
193
382
100
561
730
65
578
62
634
211
509
697
545
438
796
322
477
946
465
371
307
255
814
185
716
799
250
84
589
308
538
507
897
352
747
460
295
624
525
169
776
351
156
956
501
432
41
986
685
80
783
572
587
809
838
349
712
359
609
594
817
468
71
861
96
968
277
486
714
681
67
63
749
719
318
663
592
698
842
457
292
734
396
909
356
24
964
473
364
173
626
120
506
224
787
133
757
254
408
401
939
893
83
171
412
563
285
905
141
839
441
885
564
286
724
426
368
700
906
390
981
237
85
181
238
675
239
13
497
852
604
187
270
289
5
150
548
379
625
327
976
129
708
528
974
633
671
693
758
56
922
892
975
896
818
573
402
409
404
107
494
650
411
196
69
214
452
167
113
616
54
105
1
581
550
104
972
373
629
27
73
213
386
153
259
979
617
126
119
870
500
478
492
496
320
88
768
759
272
491
849
709
166
529
541
151
707
557
937
28
777
306
659
94
713
866
268
531
376
931
172
365
791
546
555
798
515
338
652
628
831
808
874
200
826
246
823
233
205
505
30
29
810
287
484
266
199
710
620
980
353
458
828
960
741
358
978
998
374
226
482
202
346
210
495
640
2
669
819
87
855
677
123
398
802
729
769
490
911
183
341
821
969
995
740
406
475
762
970
743
163
175
131
605
927
672
627
611
674
160
562
135
22
15
744
666
540
957
143
846
895
217
258
218
300
514
601
334
558
363
920
470
679
598
835
926
530
431
940
900
134
537
523
20
894
451
188
795
154
177
145
485
124
570
544
569
804
109
59
284
44
101
464
576
779
916
935
454
997
518
621
521
547
827
965
536
898
951
945
915
966
208
459
427
125
453
324
688
439
686
311
803
919
159
963
147
260
991
479
225
765
907
499
684
853
230
442
414
348
201
366
95
347
568
721
19
394
340
639
303
984
66
116
941
235
996
108
279
928
774
840
433
934
265
416
942
718
335
92
705
436
917
276
961
18
91
267
86
623
877
228
271
884
12
567
428
949
938
275
637
45
727
245
993
269
52
207
955
644
313
778
513
689
278
257
38
16
751
195
527
487
252
958
443
673
560
403
994
519
221
236
204
904
144
415
858
641
901
262
168
57
682
862
391
687
614
249
301
47
471
190
162
4
985
337
251
36
989
317
344
206
517
6
837
410
43
312
645
542
399
738
291
742
149
845
856
733
914
526
440
752
832
771
583
833
824
17
703
599
32
653
370
983
463
642
502
767
516
676
539
68
764
755
829
77
867
241
775
472
392
79
933
701
786
632
648
615
261
668
582
498
102
223
692
298
726
293
476
122
959
992
461
397
215
953
216
146
766
369
136
618
647
510
26
973
504
462
310
745
333
860
731
924
400
891
948
282
875
288
53
678
651
256
273
447
524
792
383
780
936
209
737
750
421
630
142
660
294
950
425
305
309
929
198
179
378
584
21
423
393
424
511
704
869
222
662
977
834
23
34
918
602
876
480
112
535
784
469
661
132
448
115
967
197
11
551
982
253
422
722
315
691
264
234
380
35
736
372
203
7
70
508
785
192
58
610
219
25
189
82
954
170
33
388
174
3
81
360
575
988
788
90
723
756
42
385
943
921
325
947
283
739
825
240
110
9
822
843
622
242
336
882
328
164
418
566
165
437
74
99
178
636
913
552
868
793
450
191
158
930
593
103
670
848
887
794
797
635
46
40
419
695
381
815
680
420
746
161
434
117
657
638
176
357
534
503
772
812
130
999
323
55
656
805
878
850
579
962
863
859
467
314
665
377
449
184
782
857
830
387
140
854
607
631
244
696
118
879
990
706
339
304
321
49
138
725
654
801
455
664
865
760
180
232
658
902
389
873
944
481
715
952
354
781
889
770
489
811
302
345
263
290
329
488
872
532
732
883
296
98
816
717
807
806
912
910
212
923
559
773
864
343
474
274
194
152
446
281
711
619
588
899
128
735
14
361
595
987
362
683
851
367
157
395
649
355
413
553
753
577
384
78
350
790
342
690
728
590
789
10
763
748
319
694
702
330
586
512
888
612
608
613
871
925
326
606
483
493
37
331
754
533
886
720
299
111
31
280
444
231
556
243
417
466
114
543
522
820
890
8
248
182
800
456
761
603
76
139
813
881
903
844
908
