1000
233
380
986
385
130
198
722
45
88
141
254
831
519
215
411
658
32
471
500
465
400
507
587
197
919
851
413
92
497
240
778
21
718
274
533
418
486
924
934
389
744
117
679
265
100
834
65
396
636
850
387
111
677
60
347
241
708
89
510
926
666
530
213
596
828
146
622
66
553
969
39
501
719
199
152
881
593
468
747
599
903
456
293
571
366
876
900
437
139
163
783
616
545
707
322
973
660
864
516
639
203
317
154
365
542
292
523
673
74
925
878
520
935
559
226
353
250
930
13
303
352
35
434
261
386
306
855
723
913
427
180
674
406
120
171
955
680
873
999
27
207
997
785
165
308
14
816
390
351
857
175
583
447
927
238
143
420
578
457
417
428
83
603
72
296
735
98
110
534
540
369
158
959
518
726
153
619
195
18
144
349
675
588
124
762
307
360
334
989
375
4
662
856
511
216
63
897
633
34
905
890
837
594
177
183
346
994
442
453
86
206
620
230
485
810
159
391
125
112
595
739
464
664
737
451
527
743
93
733
951
483
404
370
467
231
53
51
115
217
5
627
929
24
671
373
443
541
96
992
767
774
615
515
839
514
235
332
539
394
663
201
7
297
628
304
931
82
329
950
648
561
430
763
379
827
965
759
871
529
310
641
852
981
803
917
668
867
388
982
600
868
941
320
211
298
407
393
863
942
701
537
746
841
693
371
690
438
502
843
859
84
276
168
71
751
888
278
799
640
845
281
299
824
846
517
284
910
422
251
252
766
469
256
833
611
538
377
509
800
109
813
398
87
581
943
47
806
932
23
625
196
702
271
90
474
686
928
290
948
580
95
367
886
669
68
328
40
880
670
376
849
77
835
237
38
327
228
991
335
922
939
357
445
164
161
262
915
399
801
67
103
548
85
301
181
768
204
59
570
754
182
573
655
904
249
513
491
114
577
736
954
136
224
179
174
781
712
909
460
684
629
295
425
448
704
755
945
381
709
728
753
865
192
273
697
488
854
131
860
858
512
651
995
547
808
960
525
223
401
786
128
33
36
968
356
716
29
637
147
705
15
848
190
971
787
988
862
436
646
899
382
41
672
378
970
105
489
242
374
591
355
956
772
440
384
761
644
687
145
952
727
912
667
321
983
239
496
575
178
309
805
452
760
268
466
458
645
920
450
350
140
683
482
209
560
536
605
150
91
562
682
319
151
652
260
819
980
119
454
325
6
756
132
590
656
12
46
219
337
1
891
698
99
524
208
494
775
432
798
975
681
612
52
711
789
323
713
166
57
710
270
316
535
618
416
814
214
721
194
791
160
245
446
907
563
475
632
170
481
227
532
345
626
569
246
741
793
586
243
738
609
408
861
22
944
409
788
318
122
121
695
879
613
11
734
906
1000
936
17
16
898
106
56
283
255
647
62
344
947
499
503
815
282
914
61
480
253
901
825
554
521
963
823
685
946
630
714
176
938
338
568
188
812
362
58
410
979
73
566
732
484
449
966
870
300
70
186
405
104
127
187
189
498
331
244
31
313
123
598
97
455
108
893
435
582
461
866
134
361
459
341
804
977
650
796
76
2
911
342
818
169
576
742
225
607
896
557
397
343
749
574
933
720
43
961
54
740
364
821
552
368
248
892
657
940
522
288
101
643
116
782
324
275
232
957
336
998
777
649
312
822
567
28
44
780
135
280
267
993
730
700
776
691
585
479
412
978
642
717
544
826
579
597
889
765
543
617
64
797
426
564
820
883
429
550
638
985
129
266
302
155
706
81
874
102
795
118
729
908
773
415
10
25
414
421
137
757
419
9
234
487
631
610
138
974
506
884
315
476
247
50
142
358
696
402
294
78
592
623
221
894
634
269
305
30
745
19
222
149
472
184
699
314
162
463
654
792
424
8
133
750
678
462
326
218
202
902
423
311
287
528
832
807
477
676
784
354
236
470
958
126
478
191
802
359
156
505
830
842
210
602
495
504
339
148
715
962
508
229
692
3
526
107
220
185
589
872
724
551
976
847
916
895
80
752
69
653
546
794
624
363
770
584
20
113
257
840
885
26
444
769
829
689
882
48
731
875
473
621
263
790
439
94
771
556
490
614
572
340
838
558
853
967
817
987
258
758
923
37
748
688
333
725
205
635
289
996
606
972
869
431
809
990
79
493
659
200
279
949
665
348
531
193
492
383
285
441
608
984
964
937
918
604
372
157
921
887
286
277
661
703
42
694
259
392
836
272
172
212
953
167
395
764
403
75
844
264
565
555
55
173
330
811
549
601
877
433
291
49
779
