1000
475
628
383
274
142
191
888
693
7
347
515
920
620
83
343
568
959
632
717
42
746
389
174
721
969
463
975
743
433
161
173
244
53
114
136
519
893
947
605
65
793
705
393
809
765
909
105
942
299
210
691
230
744
813
432
911
90
792
934
215
407
288
350
829
45
205
726
908
6
901
422
57
918
388
867
504
143
25
243
435
754
929
872
115
988
612
4
125
783
593
203
917
873
208
339
9
914
86
137
553
940
18
513
87
587
509
551
944
431
71
408
197
655
784
96
718
594
149
177
963
624
737
982
43
56
277
569
700
621
153
764
275
755
590
36
890
723
413
974
928
166
626
518
375
866
535
579
794
89
889
356
113
885
903
599
216
412
204
970
589
19
819
623
337
1
444
219
228
455
333
835
91
315
645
292
106
530
803
27
391
800
574
827
439
510
355
727
797
255
580
756
68
436
664
237
99
779
411
523
382
979
881
379
684
298
176
710
864
897
266
31
52
999
830
270
169
124
622
152
13
50
63
462
214
806
399
302
627
16
990
818
364
145
493
576
285
141
985
766
570
304
713
121
146
814
603
823
680
733
281
791
902
507
358
102
946
284
542
132
178
841
167
799
880
14
181
486
468
606
573
559
398
562
494
608
269
549
69
964
667
30
595
600
447
558
317
537
540
658
932
816
899
659
588
556
308
66
738
103
465
62
502
653
745
55
696
618
250
900
470
381
843
986
748
640
508
249
37
638
49
695
420
417
194
35
771
186
67
482
561
487
795
78
342
802
330
977
460
1000
396
490
853
109
915
688
133
992
227
112
54
123
77
961
661
85
107
759
479
642
206
896
650
84
242
263
782
531
450
260
967
23
984
532
820
428
60
921
258
323
226
61
698
282
40
192
362
924
954
8
898
943
310
991
97
326
254
427
619
577
858
409
441
81
309
473
478
583
467
451
395
338
95
175
557
28
217
729
374
675
919
641
88
346
458
614
780
905
687
752
714
555
790
344
20
686
566
233
332
854
527
735
547
211
74
12
44
94
168
711
522
844
414
665
860
405
910
601
139
521
707
366
368
207
329
937
581
187
796
183
585
10
314
701
21
286
491
536
887
773
694
438
931
280
148
697
238
184
151
767
762
616
952
353
798
781
138
349
925
222
528
703
434
11
51
828
448
648
196
171
602
913
267
786
481
993
539
544
956
679
229
29
58
734
875
596
994
674
291
725
305
406
79
416
842
252
476
712
322
815
776
907
945
514
156
852
34
144
293
857
869
682
652
525
511
533
268
973
871
550
15
757
663
319
212
882
127
261
318
303
231
685
425
279
966
654
357
331
938
165
567
760
996
92
265
861
367
571
419
437
965
160
373
720
656
741
529
916
998
321
469
295
817
546
59
423
384
418
188
122
660
446
400
968
200
997
980
483
248
300
728
592
452
390
708
904
76
538
316
763
313
485
669
545
489
862
742
976
625
154
501
715
120
449
719
598
82
989
584
716
272
283
865
895
524
453
906
787
180
325
327
334
953
262
403
72
239
386
971
163
855
273
778
878
257
201
505
199
732
681
276
189
770
22
613
512
126
615
631
404
560
927
341
345
111
372
578
377
662
459
464
702
597
162
301
415
840
825
709
430
736
426
155
957
101
289
2
236
492
170
676
761
241
870
410
731
195
826
879
312
564
821
689
526
221
39
471
851
190
607
805
563
264
949
182
75
135
672
751
474
747
202
278
454
213
164
116
477
98
224
657
850
922
361
157
46
808
960
647
371
271
240
440
108
722
185
643
670
496
17
193
363
610
495
981
378
376
118
297
380
104
639
958
354
609
172
987
955
394
807
247
874
232
886
3
983
225
32
848
668
253
863
548
635
110
340
48
223
554
246
324
758
73
788
198
220
311
429
370
93
369
134
159
466
935
80
385
769
839
768
424
704
995
47
646
930
699
365
775
772
150
421
789
26
543
179
877
849
158
251
923
128
846
883
739
706
692
804
591
671
677
630
690
572
296
673
461
442
586
209
941
259
500
856
633
245
812
832
445
516
456
484
950
392
235
644
119
833
749
801
836
256
287
884
506
912
859
810
774
130
617
822
939
894
785
499
457
629
552
777
678
38
218
651
497
575
352
5
666
683
33
724
824
348
140
837
876
307
604
834
750
541
972
951
294
472
387
335
480
611
634
129
359
360
517
892
636
740
838
637
534
730
948
41
933
891
117
320
64
306
24
978
936
100
70
582
565
397
488
401
845
336
649
520
503
498
811
926
131
962
328
831
868
147
402
234
443
290
753
351
847
